0.0969207379888,1.64396668437
1.2049886183,1.79083602143
0.0109870169043,-1.29764194034
-1.60772088719,-1.36319111128
-1.12337370898,1.12631318724
1.03836926875,1.39905072732
-1.15926340595,0.823495470995
1.41268979623,-0.221038742334
-0.099121762973,2.16809246973
1.28219793924,1.6291475822
-1.77887889783,-1.2301098137
1.29843691018,-0.540561554045
2.13925393824,-0.327010997228
0.17801931327,0.131207469426
1.78881712251,-1.20863743161
2.09134879917,-0.46695233977
-0.789287956125,-0.627069926523
1.82327778697,1.15980461232
0.30462157386,-2.14570981608
1.03940365512,-1.69496860287
0.89305533133,1.49106599353
0.231037856361,-1.01346531273
-0.203498272693,-1.92969747586
1.13104934489,0.81033114774
-0.917451432488,0.986982557984
-0.319480495278,-1.99457445049
2.00322171036,-0.669328770774
-0.75273649717,1.72564377677
1.08960290985,-1.88305575703
-0.130246560684,1.34332829541
-0.878821258477,-1.99814692438
1.44797167123,1.08152459187
-0.893707862092,-0.300324823199
-0.732899988403,-0.566973025316
1.8838133917,0.621218320858
1.25445455534,1.05353966203
1.55891298878,1.37787421453
-0.462369895861,-1.75858153671
-1.45387458386,0.371544909656
0.450965211282,2.06252604774
0.182728520881,-0.401703422807
1.16421694175,-0.418932674164
-1.2264143091,1.41720368698
-0.489775962433,1.37518589773
-0.499701256751,1.6776149609
0.525775103446,2.01273038511
1.04792018759,-1.20301836564
-0.916367955987,-0.768262663147
-1.93182137714,0.631922721595
-0.788199454247,-0.431715195618
0.717606428242,-1.7340459801
1.58166853772,0.807711975105
-1.16475503461,1.06023731126
1.9394948027,-0.35844716764
1.49083361668,-0.496802500427
0.596549734225,-1.48783794837
0.536036009294,-0.0410651164734
-0.501830949486,-0.965646377896
1.12676585756,-0.781542639036
0.812145644598,0.566357515336
-0.441278758158,0.554728082546
-0.7900452229,1.91344534312
-1.47129919786,1.28580652859
-0.835294643582,-0.969999026475
0.97006579821,-1.99306577707
1.56104999808,1.58812110901
1.60634435216,1.30094226705
-0.978988711465,-0.855321521331
-2.0293994855,0.106463727466
-0.998091888926,1.83335591119
1.42361646904,-0.191194461775
0.319279547049,-0.428238246392
-0.950307119393,1.37251113517
-0.413507094226,-1.5714374555
-0.173715310506,1.67632324552
1.44354138379,-1.63273179698
-2.0744718558,-0.377601942917
-1.12059003705,-0.87238411421
-1.9859997193,0.602336323458
-0.635265517615,-2.07273588595
-1.93843235948,0.537786373098
0.653851321484,-1.99367610556
0.266336772587,-2.02889598689
0.966093996423,-1.57409362389
-2.09809873164,0.268098252913
0.492469689025,-2.10100207171
1.39578581758,1.59612043959
-0.524211549907,-1.5323589208
-1.75576087549,0.955729027192
0.859060718208,1.96976851456
-1.80819343689,0.232779045341
0.463086863665,1.73424834913
0.0535210555942,1.92570528091
1.52502611302,-0.726315672249
-0.0556611795966,-2.1135317579
1.44098307635,1.44327350481
-1.9786339018,0.707687153822
0.725062949391,0.258470320673
0.841481539789,-1.97659611508
-1.11662852098,0.520563844506
-0.971553302802,1.75352447644
-0.0394174188125,1.73245714051
-1.72193960037,-1.19397483441
1.42170062938,-0.890063832712
-1.45159977965,0.0162296869196
-0.27063676169,1.77787765747
0.00433745782145,-2.11899132743
-0.980650590819,1.94205634372
0.219559533716,2.09151286358
0.43018805259,-1.46872490632
-1.77732747273,-0.72887141727
0.280222523285,-2.2005296708
1.74833360652,0.358447655585
1.50730566291,-1.53776921851
-0.817052647261,-1.82370552737
-1.30608358262,1.65975309044
2.04616464943,-0.838449439442
-0.461047877391,2.19497565011
-1.28426859137,0.307465999251
-1.08437665831,-1.57998055495
0.82091796757,1.22948090116
-1.60998427198,-0.298754238185
0.747038839553,-0.241592633726
-0.868041546059,-1.14083898731
0.146929694092,-0.684137979186
-1.8141813244,-0.929845015299
-1.52846093837,1.51968585226
-0.762240085058,-1.82659882554
1.57488526891,-1.05767016864
-1.5651446248,1.4189762385
0.903238761457,0.221331767093
-2.02981742365,-0.134063838096
-1.48497692306,-1.25017256637
1.89991739387,0.489502952013
-0.161726729442,-1.1871925639
0.451866539133,-0.721720469491
1.02563055448,0.541457698985
1.00909406857,1.49965392202
0.852506253891,-1.59140204814
0.435988884039,0.665024139577
-0.68520393438,1.85430781067
-1.92780484584,0.313525389042
0.981451234333,1.04101773782
-1.54467918745,-1.19937315183
1.52911413939,-0.578228018296
-1.10339593071,-1.06817504448
1.97904250202,-0.827811756669
-2.05464302039,-0.0391411445945
-1.10514372364,1.78083501904
-1.75647234743,1.14689608402
-1.58346253597,-1.20365955365
1.78754720251,0.996609122962
1.25397452267,-1.58114478699
2.10250712585,-0.643401669553
0.806401585368,1.40389004657
-2.05603803872,0.696647080929
-0.641648598806,2.06616602943
-1.62109397359,0.0745927958032
1.91601893642,-0.815101302873
-2.18659007252,-0.28791825619
0.150094543151,1.16679198296
0.207986320976,-2.1133466118
1.95966361267,0.514730288297
-1.59122688142,0.318919840012
0.110049629792,-0.391644342798
-0.43739947877,-0.650319614585
1.20803903091,-0.162074226932
-1.28357002604,-1.46603109555
1.45113894988,1.60645368207
0.846084635469,1.81593913138
0.21745924204,-1.76372787196
0.100483581812,1.32430564896
0.52295296693,-2.14246698166
0.08334341897,-0.48812943843
-1.03232922126,-1.27917713311
1.88376749954,-0.186840640878
-0.926285956937,0.602281520984
0.853741027301,1.8576644816
1.49218501425,1.32029899418
1.8176978939,-0.991703836322
0.239370937871,2.05957363713
-1.94193701161,-0.923753096282
0.869818785344,0.302772977231
-0.488917453854,0.0443286162485
1.31324048664,1.72111671128
-1.95499641606,0.982437524599
-0.269275899636,1.08236278583
-1.84915255896,-1.01450922278
-1.04464247452,-0.191032229064
-1.44542220892,1.23194659718
1.85069871996,-1.0511265355
-0.625569535702,0.234311592132
2.22409995534,-0.36072324415
2.02731713906,0.880284006308
-2.21858496086,0.105139771815
0.399367737737,1.93654617133
-1.19530300128,-1.65603492947
-1.09246683131,-1.64895942991
1.99853648784,0.385526621716
-0.771941582629,0.657570599103
1.89012434203,-1.12498613206
-1.84365947051,0.736598138626
-0.253276801622,-0.554823609405
-1.41876325439,-1.23308397477
-1.29600742963,0.198391509833
-1.1644872963,-0.182481937472
0.441655924392,-2.00600850691
-0.221192988203,-1.84782665738
-2.12740816195,0.59222697131
-1.88846159807,0.771883356984
-1.06933168274,0.715258091887
1.93994009345,-0.567158740356
-1.44058946222,-1.05020513514
0.125314170912,1.70464661801
-1.45824822564,-1.62956194476
-2.05845429136,-0.492803923328
0.999123475513,0.411636550696
-0.997903389958,0.81038306268
-2.08669927249,0.471604808542
1.88445397958,0.913933539541
1.1643329381,0.676081671026
-1.04568243975,-1.73207590464
1.14674836282,-1.63830328786
-0.253085499484,-2.1667441509
0.619640937186,-2.00258620874
0.506007208458,1.6239326986
0.125469435053,1.91260358297
-0.30422728961,0.6088690821
0.874982664413,-0.216535790789
0.331503524323,0.922068329797
0.94470510408,1.41561732006
-0.631355103244,-1.70193439699
-1.69677579512,-0.767739014876
1.15501175013,1.32728829998
1.41304097052,-0.631969668566
0.674587792821,-1.27425806804
-1.7554259235,1.18537434177
0.104158252889,0.289943066977
1.23452208708,-1.25157243439
2.17441056304,0.0590996404778
-0.267404006749,1.83582416872
-0.883001393598,1.78624820155
-2.01553412016,-0.740863211157
1.92638393396,0.985361696299
-2.13647551999,-0.0897311878253
2.14400282177,0.473087398072
-0.815496350776,1.96887101213
0.836116474161,1.1151549783
-0.450778454848,0.346567926347
-0.109441070187,1.19814353651
-1.35069120937,1.28486881301
-1.61945242619,0.645612134468
-1.17894931695,-1.42765491028
-1.22666044468,-0.680185193872
-1.3137154527,1.20789907857
0.577563041193,1.93028798994
-1.90770683488,-0.482452467669
-1.71930465867,0.536742778596
1.29204416244,0.775428816598
-1.34209618503,1.52076135332
-0.97267807775,-1.97283558444
0.0355604622812,-1.0130855334
1.21124773475,1.48933032674
1.58519684237,-0.442577788449
-0.352696775235,2.04513915457
-1.50221929122,1.20956641479
-2.10863238096,0.305272274927
0.739417012992,-2.01750173205
-1.43806145988,0.713090378127
0.444363364552,-1.94205418742
-0.825246460127,1.75323919044
1.08795928204,0.220335692275
-0.2108624041,-0.88371873933
1.65513370624,1.15061903769
-1.27728190383,-1.60868722664
1.43040393011,-1.65524840975
-0.890888578726,-0.999479092128
-1.67117986521,-1.32439103276
-1.71351241968,-0.317160119941
0.0345964588285,-0.0388635712237
1.35859545861,0.161689467601
1.93095497463,0.147548934429
-1.2316076291,1.8476583968
-2.16667566411,0.377720377486
-1.46557752923,0.159243441332
1.67715260896,1.27152569992
-0.346142147165,0.772582546009
1.71215374163,-1.36175726601
-1.63665311227,1.27667891564
1.58741308771,1.18763680877
2.10470038632,-0.577225872211
1.1366060386,-1.85200682367
1.43714279471,1.65630067353
-0.322252686198,1.45614998256
-1.89530750235,0.907241731491
-0.00936832695815,2.09313104049
0.26892419931,0.173088422623
-1.37393993998,1.37937205219
0.00986440699551,-2.05340212825
1.71465685663,1.22052341515
1.13079252342,-0.078026388353
-0.0176450018867,-1.38807112936
-0.350384331472,-0.836489650573
0.558085791269,-1.21808647245
-1.9213886656,-0.595301485913
1.72945079613,-0.326258581842
-0.542448015967,-2.02675500811
-0.795316643795,-2.03362091943
1.81285570302,-0.843404963851
1.47223885806,1.39906403571
-0.224447361866,0.295357800013
0.39082970229,2.05347294199
1.33024361849,1.05158405956
-0.760390224451,1.00362436788
2.01466796878,-0.990250948409
-0.645918122115,-1.83503746946
-0.41962121901,1.91102223719
0.160376393758,2.15672288506
1.57036220207,-1.29731684812
-1.60668327294,1.07425216117
-1.70327793529,1.25257987566
-1.52342409976,0.281334725978
-1.24531538314,-0.9458828381
-1.88991130965,-0.946240330472
-0.067463326739,-1.88118446065
1.74627994354,1.18360668911
0.662295499625,0.504364635789
-0.467846946637,2.09648275238
-0.858652977369,1.08627376736
1.6322977213,-1.43651193461
0.899458281079,1.95760472844
1.23063771991,1.63187651969
1.9367400759,-0.749393648693
-0.749435389592,1.97756507866
-1.48002547302,1.10253092986
-1.2585490855,-0.813918164857
0.340894408633,-0.557347015875
1.58455055805,-1.53393215268
1.08909223986,1.71162167081
-2.17924935887,-0.130990962786
0.416549342572,-1.88533790024
-0.591537971768,1.2404168142
-0.901153933727,0.377765883357
1.02180047909,-1.95232609533
1.26757797087,-0.747280918617
-0.659545146149,0.165463610603
1.45627396642,-0.733818773141
-0.619126598482,-0.0274956485581
1.23873255961,0.709881106183
0.794597821876,0.102812764717
0.0454858068679,1.36334368641
-1.39490476951,-1.68070881738
-1.84330143083,-0.676861626037
1.3763607324,0.285807532786
0.00664415637574,0.60634060321
-1.61536617021,-1.0693064925
-1.36023220611,-1.52266627003
-2.11598933538,0.0122388532278
-0.784102101599,0.474955073358
-0.887100688589,1.64254781788
2.08661994976,0.16434261142
-0.436713693388,1.82337159233
-1.38991419534,-1.57814417413
0.273280419752,1.51158099228
1.03626006038,-1.59522907495
-0.0248624317825,1.93216335619
0.0887605514994,-2.16448602185
1.69987753216,0.591778333321
1.87817269653,0.817066828279
0.515869722553,1.82362230604
-1.46419789197,1.01335114066
-0.925378856108,-1.93368053387
0.27691344289,1.6662219301
-0.601721001848,0.365701273214
-0.901685676171,0.219467450403
-1.5749258103,1.47492037053
-1.71050472321,-1.15335880561
0.812626687445,-0.903979551954
0.353373850283,2.14203102032
0.557856606232,-0.908731401824
-1.33971212902,-1.76821106876
0.556822933756,1.75850343808
-1.76049523955,-1.08802326492
-0.0648035723478,-1.96697183155
1.403923427,1.21560131445
1.69066628301,-0.188636862596
0.467264037207,1.38636845591
-0.347318672396,-1.51915594403
-1.71273016316,-0.0288640581469
-0.882358441337,0.847376475393
0.319617482993,1.57089097879
-0.961966546448,-1.33919252598
2.1640595096,-0.124732018506
-0.671497330081,0.899555771659
-0.245223973873,-2.02912151808
-1.56162736026,-0.165163481304
0.183153644202,-0.0430849052375
0.771907224389,-1.93655095074
1.67409156051,1.04715106274
-1.25805478262,1.02511618496
1.92089923454,-0.948233608357
0.698170903302,1.72744732077
1.54269822927,0.30803203525
-0.192012461143,1.93477048371
2.04493881501,-0.085555414249
-0.0901968692754,-0.168116682706
-1.35299265588,-0.132699185353
-2.05547672959,-0.268711090817
0.00252047845368,-1.15351877251
-1.63137126272,1.39962629709
-1.4481049814,-0.834003359734
2.18536353204,-0.465004584655
-1.16392498019,0.0749478784086
-1.18714138467,1.35947466408
1.98561139746,-0.407096721519
1.59591203244,-1.25924833391
2.08181365003,0.220665941716
-0.806654742439,-1.44977595097
0.00365299419408,1.53205667716
0.0619576356487,-0.140995338016
1.85520483349,0.0512070993036
-0.953966442545,-1.85943945921
-1.11696419472,1.83154174246
-0.812763019607,-1.23285893628
-1.51063344944,-0.0836036983257
1.45548156287,-1.55317992011
0.813016807042,-0.0837925219978
0.895146949247,1.87239612411
0.175341026638,-2.1136882839
-0.792332672453,-1.66193503489
1.3196719265,-0.324510177581
1.06198646826,1.20999610156
2.02550237822,-0.765529197634
-2.05040031825,0.0744226612945
0.398576743636,-0.765287442273
1.16483733997,-1.260822651
0.716781743419,2.08325452043
1.12067417105,1.58977866734
0.790626117953,-1.76653886562
-0.0823938340141,2.05947057131
-1.07157101618,1.65699668289
1.66033881029,1.33773811656
-1.38466615526,1.11050816424
-1.65549879145,1.33678613557
0.501561983193,0.42742538328
-1.57962582705,0.451582866299
-1.79427939223,-0.640616094929
1.72457013771,1.15805764969
-0.663459167686,1.68227070939
-0.807167919716,2.00111539415
1.25162687437,-0.947102218444
-1.70254591675,-1.28815925612
-0.555570270441,0.749647767854
-0.296818988548,0.394441293529
-1.36347219353,-0.508566626611
1.29314140871,-0.0110018604663
-1.8234128825,-0.319178057269
-1.552293435,1.11199418381
1.34620620088,1.40397050244
-0.512315418713,1.79038262043
1.21291863336,1.68868203886
2.00896551005,-0.145917151634
1.85908971355,-0.697156704672
-2.01164588382,-0.443533247418
-0.51210568884,0.240930713909
0.377100819057,2.10573287948
1.33163487463,-1.15146581959
-0.0927376960588,-2.16227142978
-1.0360945424,1.48052120254
1.70251860555,0.800401805014
-0.895965535354,-1.42651048537
-0.135027776573,-1.92126335639
0.8757493789,0.936217313181
0.894745968806,-1.25566392378
1.332771004,0.61209621999
-1.23474550025,1.23522661998
-1.96086002427,0.772987771168
-0.591604883859,-1.06721720592
-0.636616481683,1.02269711064
1.73610923629,1.33311741347
-1.89840524367,-0.771741783414
2.08461557931,0.288865083943
-0.233908124713,0.609559765868
-2.05853560144,-0.675165801961
1.35549944138,1.22438649037
2.14267196301,-0.0614982113459
-0.124401401458,-0.327094310569
-1.85340732115,-0.919598980449
-1.93827935055,0.0204214570275
-1.82197967509,0.0535118678163
-0.685924267459,1.42234432523
-2.09251261169,-0.615954019037
-0.605906430643,-1.5003535469
1.54661528885,-1.1561447301
0.21491056054,1.84563571616
-0.674548532045,-1.360414152
-0.244111937899,-1.21293750973
-0.709022175242,1.30726868656
0.824366828667,1.9357080429
1.86241891868,-0.104012640816
0.693160509212,-0.195935964501
-0.683445203989,-0.972196223777
-0.962265355873,1.67504119587
1.04743299288,-0.188052678726
0.918178323439,0.524469392727
-1.7195246964,0.440153423119
1.18176343409,0.521426723157
0.939484185785,-1.85465736626
0.160482244581,1.02570168257
-1.433218271,0.474420397436
-1.95767615387,-0.182594880773
0.544332502314,1.90565553549
-0.961085428796,-1.76377474778
0.722139600855,-0.437027166612
0.544550481949,0.232360650108
-0.830754145222,1.34296752476
-1.2756109195,-0.881349187544
0.361416507765,0.123464908098
-0.820539441422,-1.56014019866
-1.13812982446,-1.46255815955
-0.271303717974,0.9498000143
-0.160402166061,2.08830911934
0.313966733192,-1.56336805615
1.994922247,-0.206865848744
0.211340426125,1.6113007071
0.0301225814977,2.06395921902
0.611735171773,2.0814432329
2.00539750031,0.0529892954937
0.331701089637,-2.14629923177
1.15931565882,1.06487713056
-0.510098242392,1.23004676691
-0.463940404164,-2.09672495298
0.233539661528,-1.629601526
1.62666606778,-1.37501757986
-0.808443642094,-1.11386590539
2.01161940381,0.143073295148
0.329903303795,-0.515431596454
-1.37407436319,-1.15467881146
1.24938227118,-1.67308101432
0.589358633334,1.02651307266
0.828080752964,2.04746232701
0.893756988282,-1.93085205767
1.39844845171,1.51110616849
-1.33360245659,-1.5306955693
-0.62552739287,-0.777604037428
2.02805942685,0.725782862382
1.12448216767,-1.39382270399
1.04013570239,-0.640347782134
-1.85665466924,0.851693006617
1.78934963569,-0.439594407549
-0.677490083878,1.62297472161
0.208967741528,-0.223499753909
1.63073299669,1.3734453878
-0.501318727359,-1.82426911494
0.498423700912,-0.52820580825
1.78938304867,0.447879814205
0.582803110615,0.169502367479
0.214475105132,-1.85730538262
-0.209760536141,-0.171086784431
1.79366370652,-1.30100537832
-2.09953689585,-0.450107757999
1.21659999139,-0.866242265008
1.77624643319,-0.0650040267111
1.39317678641,0.646197738353
0.00283837360854,0.942011137437
1.10307885314,1.1034184128
-0.550885800531,-1.96170419075
0.829871506031,-1.16356461222
0.716306550282,0.699820871287
0.673842793611,1.95230886897
1.37217343674,1.63757767175
0.261606478662,2.12971963172
-1.37172962187,1.65743995469
-1.71851466536,-0.976114501973
-0.149813708848,1.94162521999
-1.94494497299,0.336458998287
-1.36503182747,-1.33460618697
-1.69357875936,-1.23710487404
-0.811054555116,-0.539841180559
0.100605222908,-1.73145576688
-0.431158772151,-1.65252099407
-0.560672371087,2.02992982512
0.904614924767,-1.76248881166
2.01687997119,-0.299168080299
1.65895046015,0.926754375838
-0.112687433508,0.792421203253
1.35112511656,-1.66230387499
1.56450692765,0.538729294507
-0.659668547984,1.96749634367
-1.15437213199,-1.72660231907
1.56913070877,-0.380038373827
0.359393132225,1.8282059285
0.454860644909,-2.12178480855
1.53880442367,1.46035113428
-2.13379039852,-0.364457635423
-0.826093744765,1.51320426611
-0.993292899401,-1.1368171506
-1.85038873684,0.527053790108
0.0541966074073,-2.06900044974
1.10583990139,1.26571960923
1.94360248945,0.61054291794
-1.05879120854,-1.21996739562
-0.786648804716,1.17964371709
-1.97057549489,-0.664309933844
-0.500010937963,1.90570170047
-2.04585022586,0.543562985028
1.53284071676,-0.814308120277
-1.51581480109,-0.581493892423
-0.136926791976,0.93663603148
0.479857073668,-0.38702043234
1.77078666632,-1.13535188575
0.521849547252,-1.99233483858
-1.42951747223,-0.28210318408
-0.0827010497477,-1.28809771548
-1.70621755512,1.22489132666
1.43895168979,-1.15537853587
-1.34867252259,0.08678121921
-1.49946817323,-1.49892205927
0.790474493245,0.709804300988
1.60992528644,-1.11010425802
-1.53093331766,1.49177356735
0.585284359485,1.66146708801
0.0152652395674,-2.21954115574
1.16756368733,-1.09658503586
2.19698437544,0.25116049526
0.631128947508,-0.23994221683
1.42283413907,-1.41489008471
-1.95432213398,0.806764348422
-1.0247478816,-1.92052706976
-1.67276063827,-0.212750712828
-0.0530337102864,1.58453306506
0.368934793147,-2.13298567865
1.00404144396,-0.929803992852
0.414138120296,-1.78367528535
2.04857210508,-0.337511499321
0.51398163514,-1.882334143
1.01629050123,0.0547575005966
2.10570153722,-0.680853645043
-1.47469760819,-1.37335936934
-0.806156544898,-1.92201367355
1.82079633307,-0.898929951108
1.36630726243,-1.46262199634
1.76805568489,-0.743152541615
-0.0667470885579,1.92795163638
-0.573300139414,1.87452460344
-0.253914790373,1.44789181743
-0.0303996132713,-1.60047918243
0.283363260065,-1.76402148678
1.04800772893,-1.5190821109
1.48784015696,1.2306357564
1.93572176849,-0.0630331477924
-1.00941905,-1.02755510031
1.96358507884,0.317027149773
-0.199068608943,1.62070999053
-1.88888999666,-0.117893290264
1.90735972277,-1.05371107158
-2.04056472697,0.466585028947
-2.16012437255,0.397864167242
-1.65940937304,-0.446674871034
-1.05484597402,0.301786553258
-1.61945927322,1.33361031272
-0.179913774503,-1.26963394413
0.740268737252,-0.313948308987
-0.234500725015,1.25376915883
-0.413512888453,0.464572938221
1.29154243961,1.53352031968
2.24678834786,0.156365163188
-1.859044581,-0.450371002973
-0.248593106037,2.09332106978
-0.373622080276,-1.06392235734
1.68546512926,-0.439770571769
-1.21542006778,-1.58500797775
-0.636176180076,-2.0028505955
1.94728775859,0.743566175118
0.0946658715676,0.980253719593
-0.849309974083,1.87467227238
-1.08399074644,0.668888746107
1.77865609462,-0.625633463874
-1.99910502628,-0.790435627558
-0.291247068702,-2.08233180673
-0.416683838998,0.99165953498
1.45914241378,0.529307307573
2.11221890012,-0.16852183486
-0.578141862564,1.38017277259
-0.389600772106,1.6268917057
-1.97463426938,-0.196387439411
-1.695541414,0.657014454861
-2.04529566978,0.317898198137
2.01009646375,0.68342032485
0.262918541267,0.379882566697
-0.210499978434,-1.57630275477
1.50663618986,-1.34065094544
-0.597411500539,0.830828537467
0.139839103392,2.07877466573
1.63917543317,0.655889394364
-0.192030445854,2.20183874538
1.28825459351,-1.65643276371
-0.372823649787,-1.97709580739
1.03036891088,1.89340962021
-1.1896008338,-1.0803180498
1.03827300388,-1.45091203255
-0.128958648899,-0.0491160344698
2.07168490478,0.575194268708
-0.186754983955,1.41844952226
0.414954518479,-1.67881849602
0.0794081196054,-1.48577676115
0.283609473602,2.02207889567
1.07482477773,0.990854319851
0.346523067696,2.02341895187
1.65223851755,-1.25867910902
-0.746937629069,0.23854029301
-2.21123447931,0.0366146454401
-1.46020735914,-0.600322779462
-0.35167069177,-1.33288644351
1.8235957117,0.837384529841
1.4829133376,0.164743999548
0.593204189045,1.25057040967
0.598572318615,-0.611434804147
0.0491667205482,1.74798913838
-1.77400053779,-0.467111002652
-2.06067670752,-0.558308242382
0.773087173386,1.86097193901
0.51421994909,-0.942195525135
-0.695990629838,-2.04019277311
1.48968625158,-1.6367968406
0.47889336839,-1.0615217148
1.13773518635,1.53991514907
0.822401139343,-0.655673954291
-0.906405333497,-1.67088152925
0.280001123672,-1.33773066538
0.576044072116,-1.6287838116
0.855612014945,-1.91763991507
1.92479243285,-0.521209007892
-0.672022600173,-1.47335680148
2.0377586732,-0.539714318214
-1.00188252318,-1.41163994982
-0.262106455381,-0.396200468028
-0.719526636695,-1.77021789359
-1.25205687907,0.875894839923
0.333850315109,1.89411022586
-0.605686944779,-0.878827065865
-0.419026430349,-2.01884466812
0.743006863267,0.55695840488
0.834267825465,-1.75233423181
-0.579853674745,0.517695938192
0.437122125544,1.30076930099
1.25331879082,1.26614195474
-1.86069160812,-0.858236347372
-1.30430255247,-1.30602588653
2.12210212717,0.335863472453
1.93419170868,-0.694055139813
-1.12673006767,-1.80892047308
-1.59282304361,-1.3124957539
-0.30438342043,2.00067337478
0.193831805061,1.93222922152
-0.160302608912,-1.45277572754
1.66355349694,-0.967723556332
-0.957138994187,-0.696114696369
1.76072615376,-1.02184662291
0.199365030638,-1.99297188053
1.04396326155,-0.824758281108
-1.39816791355,1.60666479477
1.63787117949,-0.075032425725
1.67273185748,0.615399267046
1.67929738934,-0.882766012414
1.88265909891,-0.463667537283
0.710525762738,1.77613369684
1.48607442201,-1.45322392233
-2.02054396302,-0.53136297143
-0.378898613756,-2.16793345845
-2.14070209824,-0.22860797048
0.103007984286,2.13095281794
-1.78333578815,-1.13209943526
-1.1505971766,-0.277741539976
0.703851341694,1.05606194313
-1.23359002678,1.54652718848
-1.71491088957,0.367209203668
2.0252309897,0.813214989043
2.19901420936,-0.258985709114
0.138782736884,0.600811644557
-1.56249622869,-0.411599563574
-0.509300087136,0.649611941131
-0.329726326076,-2.11694090076
-1.9582540527,0.169576545005
0.864878609955,-0.979380560615
0.102652648857,2.21585193066
-0.299182017097,2.12271018705
1.69317507902,-1.17992473461
1.78664086289,0.22972025168
-1.6436648345,1.14583874498
1.93526763445,-0.298168448211
-0.554174146932,-2.13868563797
-1.91884051531,1.01300771796
1.47428681289,0.327624155648
-2.10164921501,-0.182679879057
1.29212113877,0.410902841847
-1.63524390734,-0.534494630582
0.6280135118,-1.51922527988
-1.18315930397,1.48280722455
-2.14077039343,-0.147387512736
-0.513954584685,-2.03107653014
-2.16429720608,-0.533618000425
-1.45162913197,-1.58248869109
-1.53085607836,-1.40172272553
-0.104854800244,-0.92444398877
0.0989237578252,-2.05802156438
-1.01199892082,1.37945469553
1.58029892372,1.0089075912
1.13294909394,1.75409563333
0.33669608596,0.55453237262
-1.86658178314,0.337571805156
1.24477431844,1.42638418611
-0.542293366962,-1.23887446261
-1.85240725395,0.608501567563
0.754446571769,-1.47444369953
-0.422952113986,2.09756469814
1.68998109782,-1.48767671672
1.54995373865,1.54478049994
-0.0717028038543,0.310487168034
1.87023567628,-0.0283214154861
0.935547979935,-0.0735554468762
-1.28874192548,1.56327100549
0.658063831191,-1.90659503301
0.555907169114,-1.78669910932
1.98809512206,0.752650009638
-2.01868242649,0.833497339298
-0.983519539329,-0.166275970867
0.802293717658,-1.42701798582
-1.01831806272,-1.82616673723
-0.341714594555,-1.69863379081
-1.10916933103,1.54599950607
-1.77205999886,-0.0953494299827
1.88673064381,1.02781539177
-0.958564174029,1.89713273106
0.977381027946,-1.22500303003
0.672327383948,1.88321253435
-0.927721062488,0.734790378533
0.552675302177,-1.26345697905
1.43327906985,0.896916510472
0.0486075394319,2.1117094954
-0.64141921264,-0.606412047334
-0.687591864782,-0.811520746785
-1.9044955487,-0.391508036684
0.072134315419,-0.242118913985
-0.61810655347,1.78202556014
-0.699132419942,0.56464167515
1.14281539505,-1.03761208974
0.0476138553081,-1.83077540939
1.92675291549,1.08809094662
0.0428059489116,0.289777989981
1.36941845294,-0.974767284387
-1.46291193428,-1.45440037631
0.455502381742,0.321767359833
-0.172794440181,0.649152315858
1.03383209394,1.59427020698
0.472243830189,-0.178995014799
1.18968463673,-1.35732982292
0.374135043342,1.74997490781
1.14035943623,-1.69691313681
-0.365761007248,-0.929042188658
-1.28710278578,-1.77276957077
0.353576498697,-2.00363104422
-1.1791515833,-1.19279255959
-0.736096016229,-1.90617391012
0.915101663761,0.882414290767
0.754237832426,-0.76072018783
-1.24891382839,0.600279479526
-0.109920231738,-2.1228965195
-1.02122366276,-1.52041554804
-0.194832637207,1.11861836331
-0.695960180088,1.99665702547
-1.8050068075,0.359735678226
1.51817324993,0.719993712968
-0.602051831682,1.52909798276
-0.619619103256,-1.62945011796
0.686948178114,-2.04797868288
-0.571412116929,-0.53987809467
-1.73191527662,-0.160874883444
-1.78797928214,-0.614088760479
-1.50399886656,0.451484832233
0.380079208022,-0.108792076458
-1.74144840964,1.042424414
-0.638056620636,-0.467700763835
1.2235504209,-1.0520104687
-1.23882394953,1.75782920461
1.48231559355,-1.29723342798
-1.25696436951,1.46161006938
-0.166942193219,-2.11555335425
-1.32405901887,0.961181100651
-1.37062800519,-1.69210732663
1.32752733894,-0.461604586593
-2.13131899828,-0.278374096064
-0.596355236037,1.99056329583
0.998092865968,0.801845150977
-1.03171350539,0.958221379833
0.78898736381,-1.20047285702
1.66877973636,0.446719308533
-1.0187893337,1.61173018765
0.272392518941,-0.831527143173
2.09762503687,0.456878650104
-1.40919368969,-0.223550668272
-2.0989412585,0.168182282218
1.18586825908,-1.41673379379
-1.26307746329,-1.02698895936
-2.06569907259,0.640359388892
1.20282202457,-0.103374092075
-1.74343790871,-0.911965085092
1.85499125159,-0.253044661651
1.01455561344,-1.34269077054
-1.72742727612,0.231580977186
1.89261614428,-1.18106894951
0.134375002991,1.44729801746
1.79127681779,0.913128046929
-0.371487650574,0.937905340602
2.14318050347,-0.0117760136423
-1.4539094811,-0.377765078713
1.28094681618,1.75953590553
-0.382564023904,-1.42232811999
-0.917416067552,1.22779164102
-0.760225552876,1.43193289016
1.29628713675,-0.827143988519
-1.88905876928,0.457672711097
0.494772098543,1.97744231987
0.663406827989,0.743389154843
0.0134337799148,1.13040863016
1.10015780508,-0.553596792067
-1.6249959769,1.43596831955
-1.6465704702,0.79260150499
-1.80335950355,0.77195244205
-0.348209404031,-1.16389309576
1.8898130638,1.22093696798
0.16036928118,-1.86092884927
-0.250582624172,-0.708158609382
1.30703756435,-1.40281299403
-1.16665338126,1.67255487025
-1.53260259592,-1.01212807868
-1.02156168878,1.16548894632
0.956314180211,0.691946304187
0.872292426398,-0.765820816255
-1.27464857608,-1.81535251351
-1.43350810866,1.45237289949
-0.951275457697,1.99511290523
-0.778726402664,-2.07085583552
1.6381703999,0.0381785299151
1.5933000529,-0.233895087851
0.591249714032,0.610606007834
1.89345834752,0.672661618027
0.59393076042,0.954038096701
2.04724660038,0.452085649835
-1.07031776454,-0.939657207701
2.09819739935,0.104506234897
1.22316309384,-1.52284943277
0.241112469376,-1.5539668288
0.553770747725,-2.08059554421
0.798378986088,1.31395832685
1.50948757179,0.943096986561
0.292606948475,-1.93360912226
-2.19797618282,0.173817804745
0.0259593423547,0.852833215676
-1.1016377767,1.7103644222
-1.85910619891,-0.223010325796
-1.85072985674,0.130996994178
-1.55190648419,0.774695658475
0.657272700952,-0.485638697666
-0.370010509758,1.88468781514
-1.1886781731,0.907255170578
1.91341713831,0.0597839804234
-1.20143494848,1.611381739
0.762183007437,1.98417078349
2.0664001751,0.691445930671
0.212215089882,-0.64875753353
1.4044592523,0.998678034584
-1.10196981095,-1.80617986128
1.82975085462,0.492528440239
-1.78824384309,0.0895980497987
-0.0737387830567,-2.04295213433
1.83405959887,1.03686715319
-1.12231288426,1.89164155778
-1.57318479937,-1.39374247775
1.35470325498,0.502601968409
1.6088279269,0.345124125983
-0.181869440443,-1.68291684184
-0.341425883479,1.60519567962
-0.00608537663543,-1.01898127962
2.11293710018,-0.238174761886
-0.374301880415,-2.04301318397
-1.58949621147,0.271087363716
-0.420490011231,-1.87253914117
-2.15092212876,0.00993989115316
0.445953800407,0.827031861875
0.53873468553,2.1186007121
0.690474964809,-1.99422744343
-0.838814781729,-1.7310221399
-0.737995125363,-0.0874091640971
1.27376614059,-0.671698482832
-0.53761593922,2.04896203682
-1.50125453961,0.914024059685
2.07183164313,0.0207129716123
-0.239410433599,2.02599461767
1.57226071894,1.51286019145
