-0.0792982586445,0.159979700251
-0.413008139909,0.453532323377
-0.648916512513,-0.332177437584
-1.04438856447,-0.0800986211666
-0.537270543847,-0.310448705709
-0.78947386357,-0.177287117695
-0.161707847384,0.697405179918
-0.586416279272,0.390329784793
-1.17600128711,-0.266696446178
-0.0930165091868,0.0415328827761
-0.0305162759453,0.764040105153
0.538363915378,0.575163827319
-0.199946254204,-0.945062681906
0.385878066239,0.644281238583
-0.731326101252,0.205248042084
-0.71760785071,0.323694859558
-1.17558013591,-0.146733546402
-0.475508373151,-0.268974899001
0.316295961005,0.268748547371
-0.170021937088,0.270570918223
-0.697576327523,-0.575390178949
0.340189848865,0.652318413155
-0.600134529814,0.271882967319
-1.1094407518,-0.137716946735
-0.36025203788,-1.21000415515
-0.239604042321,-0.104961772989
-0.62799422229,-0.199857487737
-0.058375968421,0.292299650098
-0.0175360879484,0.201453506959
-0.668825868011,0.927755264461
0.0765826362846,-0.282917835025
-1.25841087585,0.27072903349
-0.539822497929,0.3544401911
-0.841228951549,-0.236421525566
-0.651468466595,0.332711459225
-0.474770310605,0.412058516668
1.41949240703,0.471629508958
-0.2981197432,0.816033572462
-0.0955684632687,0.706421779585
0.0941098807181,0.223182238834
0.195647965446,-0.836293834786
-0.215710154461,0.278608092794
-0.605961882044,0.345423591433
-0.0265381148413,-0.881860143322
-0.718029001907,0.203731959782
-0.248606069214,-1.18827542327
0.130623218548,-0.450547061899
0.559286205602,0.707483777166
-0.800438590646,0.74115743945
1.12745116836,0.743051822422
1.17313938573,0.73501464785
-0.838255846269,-0.781347522598
-0.733878055334,0.870136938892
-0.127958073655,-0.0832330411145
-0.619680132586,0.226976773959
-0.121239954388,0.874631323125
-0.290669932647,-0.834471463934
0.896610495244,0.0728698009696
-0.904668341387,-0.283070550685
-0.18374018763,0.152124100748
0.401952019562,0.693792219863
0.209366215988,-0.717847017311
-0.73174725245,0.0852851423073
-0.17902396398,-0.812742732059
-0.0720942189633,0.173852832623
0.0312458947508,0.805513911862
0.850922277871,0.0809069755413
-0.723334479455,-0.168270518029
0.431434170361,-0.411431737362
-0.488488561148,0.293611699194
0.707963060849,0.250713109518
-1.12679815321,0.457326858501
-0.838676997467,-0.901310422374
-0.32201363106,0.432463706678
-0.282355842943,-0.407637202238
-0.253322292863,-0.223408590464
0.55547721171,0.319830520782
0.447640236935,0.685755045291
-0.557179899344,0.949483996336
-0.138184083508,-0.903588875197
-1.11307990267,0.575773675976
0.827028390011,-0.302662890243
-0.707064274831,-0.714712597363
-0.7270310288,-0.879581690499
-0.141676324197,-0.201679858589
-0.565493989048,0.52264973464
-0.162128998581,0.577442280142
0.249466170422,0.762909631126
-0.475446515698,-1.31578758814
-0.0312543384907,0.0830066894844
-0.229428405003,0.16016127532
-0.268637592401,-0.289190384763
-0.630546176372,0.465031409072
0.139082869526,0.439589387352
0.417715919819,-0.529878554837
0.138406664434,-1.28825671745
-1.17813208999,0.518155350407
-0.166928171762,0.882668497697
-1.19185034054,0.399708532932
-0.726609877603,-0.759618790723
0.00338620227508,0.333773456806
-0.665186717138,0.21426464175
0.126956627249,-0.180421537643
0.278948321222,-0.342314326099
-0.553540748471,0.235993373625
0.0803916301758,0.104735421359
-1.04694051856,0.584790275642
0.60425919441,0.923890925684
-0.00959398572179,0.896360055
1.48569774823,0.240757796072
-1.36534062087,-0.715866531192
-0.0746461730452,0.838741729432
-0.252431525827,0.80799639789
-0.14078555716,0.829725129765
0.756745043549,0.854773514421
-0.854947202091,-0.35486834304
-0.190822059622,0.499098631913
-0.104064185794,0.300336824669
0.00789129808787,0.372954462117
-0.710403811029,0.33756799193
-1.11350105387,0.455810776199
-0.117261793284,-0.77126892535
-0.339329747657,-1.0776842053
-0.533656135469,-0.65151005878
0.249761298198,0.406177855747
-0.33635815002,-0.826434289362
-0.23240000264,-0.0910886406173
0.26523007068,-0.460761143574
0.0740306822027,0.381971061784
-0.669247019208,0.807792364685
-0.217491780388,-0.470978227655
-0.430535384343,-0.0525677504825
0.485895106477,-0.0557021704304
0.365247110917,-1.16074455259
0.538425772831,-0.471648861815
-0.0141410421584,-0.172326617053
-0.673682439663,-0.191820313165
0.452356460584,-0.279111787516
-0.595418306165,-0.692983865488
-0.561726955781,-0.119202675717
-0.635076094282,0.147117043428
-0.0999456766874,0.738878986627
0.378058131702,0.310222354079
-1.24469262531,0.389175850964
-0.606383033241,0.225460691657
0.225572282562,0.379339765343
-1.17855324119,0.398192450631
0.58731506529,-0.854329272638
0.337218251229,0.401068497218
0.97496531922,0.812169233686
-0.696685560487,0.456014809405
-0.137446020962,-0.222555459528
0.674542540872,-0.233545478979
0.0346409405408,0.43173378785
-0.151164271505,-0.341002277003
-0.622232086668,0.891865670767
0.142891863417,0.827242643737
-0.0311924810376,-0.96380599965
-0.921086586206,-0.363884942707
0.0566732807871,0.97701486702
-0.76411099033,-0.437960870573
-0.0855697082663,-0.0902067504044
0.155389145698,-0.590904186318
0.138344806981,-0.241444028317
0.95107143136,0.428599367902
-0.660470493488,-0.750602191057
-0.186292141712,0.817012997557
0.694244810307,0.132266292043
-0.306138705128,0.0324675353865
-0.602686483896,0.936771864127
1.03672748992,0.853643040394
-0.00582695245444,0.254507644643
0.0894555145218,0.141236382506
1.1035572805,0.359481956638
1.06620964072,-0.251580916831
-0.0837231473919,-0.547859308265
0.258148198688,-0.113786612408
-0.772116462155,-0.772330922932
-0.734299206531,0.750174039116
0.509788994337,0.327867695354
-0.579212239591,0.404202917165
0.349024581622,0.125993742305
-0.495587571666,-0.110186076051
-0.855801372453,-0.307263068347
-0.186843898518,-1.14680161656
0.438638210042,-0.39755860499
-1.23414904943,-0.649231605957
-0.426786700688,-1.07257484677
0.48021615306,0.19262866754
-1.12721930441,0.337363958725
-1.19227149173,0.279745633156
0.00267097370967,0.558217779896
1.35295774422,0.609058817334
-0.478060327233,0.395913997808
0.541758961168,0.201383703307
0.608237355514,-0.722009322791
0.150850515109,0.203148328141
0.434829216151,-0.785211861375
0.62555347211,0.788138589186
-0.426726390451,0.335085505902
-0.383941603,-0.0884573441761
1.46180386037,-0.142812069712
0.513597988228,0.715520951738
-0.499226722539,0.60330454666
-0.276035586427,-0.452103396247
0.427009281614,-1.11927074588
0.617239382406,0.36130432749
0.219541853306,-0.452723969002
0.361112139089,0.784638363001
-0.648794344824,0.0286702259533
0.125364618984,0.321142569878
-0.856222523651,-0.427225968124
0.327730303921,0.261746078804
-0.76626766572,0.080482118193
0.233260103848,-0.334277151527
-0.573280936756,-0.53762742919
0.534677089176,0.548358234472
-0.562148106978,-0.239165575494
-0.0661959029584,-0.0417592344062
-0.620101283783,0.107013874182
-0.779985916262,-0.0379646992817
0.558570977036,0.931928100256
-0.28277699414,-0.527600102014
0.764555597195,-0.581805014165
-0.269058743598,-0.40915328454
-0.31985695567,-0.0859792820882
-0.202498208286,-0.280173785097
-0.286183118585,0.184894069487
0.666021365106,0.965364732393
0.714648152159,0.772773976641
-0.298540894397,0.696070672686
0.472176855935,-0.174148987905
-0.442661626619,-0.672578675478
-0.194787864238,0.410928042641
0.0778396760939,0.769624318168
-0.231980359085,0.825050172128
0.833376751687,0.554991429792
0.257410136142,-0.794820028077
-0.0174742304953,-0.845359182175
0.539207007086,0.866272600116
-0.0338062925726,0.747895586293
-0.0791760909553,0.520827363788
-0.219855609701,0.314870020139
0.0117002919791,0.760607718502
0.104924287003,-0.725702616814
-0.676234393745,0.473068583643
1.11499162342,0.352479488071
-0.887336812477,-1.14452316374
0.369056104809,-0.773091296202
0.489704100368,0.331951085954
0.0483591910831,0.550180605324
0.326992241376,-0.419287336865
-1.04556185741,-0.876396053138
-1.19591064261,0.993236255867
-0.581764193672,1.06909181397
-1.23372789823,-0.529268706181
-1.29920123675,-0.706849931526
-0.36851677068,-0.329192023454
-0.210367662394,0.454192438553
-0.00837890653635,0.919396541451
0.0880897392756,-1.00818519114
0.691692856225,0.797155188852
0.473067622971,0.857256000449
-0.154991547146,0.251528994722
0.69430666776,-0.914546397091
0.427379405598,0.865293175021
0.0603124316604,0.263524244309
0.403485517738,0.481723309237
0.81495466332,0.190495985065
1.05249139017,-0.370027734306
-0.247715302177,-0.156870434916
0.21657025567,-0.703973884939
-0.491040515229,0.958500596002
0.760198599428,0.191498193513
-0.644264426914,0.346584591597
0.200845040222,0.481063194061
0.0949529724262,0.514291011631
-0.116523730739,-0.0902355096814
0.698436428732,0.150024386805
0.0975049265081,-0.150597885178
1.31256266201,-0.514966055724
0.340710491918,-0.300840519391
-0.0166929962403,0.492562279756
-0.611182206422,0.530686909212
-0.756092028402,0.345605166502
-0.0598292595319,-0.164289442481
0.0711726942449,-1.34880494522
-1.29878008555,-0.586887031749
0.98290928494,-0.745560425518
-0.218681752098,0.0273581768574
-0.450080987114,-0.0974739438425
-0.755724089841,-0.957925338728
-0.224712181354,-0.804705557487
-0.299901369127,0.0664472520127
-0.100366827885,0.61891608685
0.628854323498,-0.225508304407
-0.186473774534,0.837762304337
-1.0606587691,0.466343458167
-0.252852677024,0.688033498114
-0.112756697472,-0.732087920039
-0.354798520138,-0.210745205979
0.274523432474,-1.05015333461
0.571551165033,0.369341502062
-1.38288614705,-0.241782076941
-0.68879262198,0.762886171325
-0.647903577787,1.06007521431
-0.406831114144,-0.920148312669
0.569831396559,-1.42705750752
0.0521681849743,0.937833861709
0.196538732483,0.195111153569
-0.0552822030953,0.904397229572
-0.564278909863,0.545686221091
-0.117782436337,0.181890007195
0.413888644177,0.0626527168883
0.129113302639,-0.69886452641
0.496591386847,-0.743738054666
0.159328954657,-1.1559367676
-0.378004717988,-0.468514441867
-0.712955765111,1.00245688874
1.32568709233,-0.380915452548
0.847950680234,-0.170342940396
0.00747014689065,0.252991562341
0.311814803796,-1.22505417887
0.620333147732,0.973401906964
-0.751194171931,-0.640010973085
0.249990775647,-0.219715296442
0.247438821565,0.445173600367
-0.284907797025,0.257251694571
-0.886915661279,-1.02456026396
-0.211058068862,0.957370121975
-0.957620158939,0.0129132409237
-0.216216458828,-0.398620602572
-0.742794929057,0.344089084201
-0.74237377786,0.464051983977
0.179884065189,0.387376939914
0.728885351073,0.383033059365
-0.854526050894,-0.234905443264
-0.686141984608,-0.582392647516
-0.624900456964,0.412240091737
-1.02225119507,0.0752578151313
0.0279228212746,-0.52613057639
0.871844568094,0.213226925388
-0.544199711347,0.386897398142
0.708024918303,-0.796099579616
-1.12935010729,1.12221575531
-0.315140732021,-1.05084611489
-0.724609801015,-0.240628143112
0.23008142015,1.0402174056
0.496070743795,0.209420877879
0.0804534876289,-0.942077267775
-0.93863211239,0.110199511544
0.493518789713,0.874309774688
0.293240648618,-1.04238966527
-1.26096282993,0.935617930298
0.905383213987,0.436636542473
1.46815222204,0.714842250323
-0.544620862545,0.266934498365
1.19265196055,0.344117344093
1.14837345858,0.875371772269
1.0068031728,-0.361990559734
0.122812664902,0.986031466686
-0.0103320482672,0.215326639331
0.118642537545,-0.607255799339
-0.957199007742,0.1328761407
0.447931571837,-0.986950796032
-0.0749394418484,0.790417042009
-0.311470055181,-0.605943750243
-0.287438397216,0.350864724097
0.419065315894,0.438458913325
0.2500526331,-1.26652798558
0.53865525028,-1.097542014
-0.255874246945,0.441480306345
-0.428943376077,-0.554131858004
-0.665268858104,-0.838107883791
-0.0466173133567,-0.723071320373
1.02052142334,-0.24354374226
1.25885730174,0.113245631208
0.142831553181,-0.580417708935
1.41611564299,-0.13477489514
-0.315435859797,-0.694114339515
-0.840807800351,-0.116458625789
0.87906496906,0.54695425522
0.756068838456,-0.873072590383
-0.00624810365166,0.134544744866
0.386169401141,-1.02842460274
0.271128386684,-0.676373210603
0.281304024002,-0.411250162294
-0.817333556046,-0.649027572751
0.382774355351,-0.654644478728
-0.120334390419,0.846778904003
0.462670626876,0.666713121791
-0.155667752239,-1.47631711008
0.736304711568,-0.192071672271
-0.433087338425,0.612321146326
0.467847298593,1.04251931823
0.996627535482,-0.627113608044
-0.833223479724,0.0979485267926
-0.322434782257,0.312500806902
-0.751487440734,-0.688335660508
-0.443082777817,-0.792541575255
0.0359621184002,-0.159352920945
0.844141686343,-0.55799619678
-0.194492736462,0.0541962672614
0.230288506212,-0.585527067464
1.23496341388,-0.270324234576
-0.405864410464,-0.940254896923
0.830423435801,-0.676443014255
-0.495838879845,0.870994903268
0.16000515975,0.571909337199
-0.318889415676,-0.0308390186075
-0.181575918062,-0.14785383525
-0.257356722429,0.636527940289
0.41936044367,0.0817271379456
-0.744155403787,-0.285534336472
0.259054659993,-0.183214335295
-0.512944973082,0.484857729185
-0.199824086515,-0.584215018368
-0.697106711684,0.336051909629
0.389140998778,-0.777174686803
-0.775755613028,-0.0588403002208
0.777667333772,0.987093464268
-0.0423020150984,0.341810631378
-0.622653237865,0.771902770991
0.603582989317,-0.803955179119
1.12447957072,0.491801906485
0.282042086548,0.269783253376
-0.0628008571684,-0.415539358418
-0.557601050542,0.82952109656
0.261402795038,0.131770128152
-0.237401135885,0.78895447439
-0.359361270844,-0.178599166791
-0.162950010658,-0.763231750779
0.0767048039738,0.0779298285124
-0.677827894904,-0.155558385821
-0.807019389754,0.296797336555
-0.907368335663,-0.245438125232
0.228835215101,-1.04211616004
0.501138443284,0.324948617387
-0.0440217835722,-1.45458837821
-1.31655863817,-0.111806126289
0.0184348739667,-0.665452994804
-0.715329007631,0.166099534329
-0.228169699405,-0.111964241556
0.422874309785,0.82611216971
-0.597970260247,-0.0280949686794
-0.700128281605,0.0894987178594
1.01283360206,0.47007317461
-0.630839445175,0.416706721649
0.159037619755,0.516769073719
-0.713846532148,-0.0289480996153
-0.817754707243,-0.768990472528
0.415163965737,0.135010341972
-0.577997160405,0.427239403617
0.715167100531,0.26458624189
0.216989899224,0.212164927807
-0.168709797689,0.133082177248
0.77699112868,-0.740752640536
-0.758643982484,1.01049406331
-0.141206708357,0.709762229989
0.395171428034,0.0548890475415
0.389492474617,0.303219885512
1.00383157516,-0.613240475671
0.142536425405,-0.223685933555
0.311523468894,0.447651662455
-0.146005881538,1.01498844754
0.631593567255,-1.38558370081
-0.351468332337,0.128272195128
-0.130241981281,-0.208682327156
-0.776176764225,-0.178803199997
-0.297751804639,-0.487496932769
-0.644557695717,0.298259904174
-0.331015657953,-0.650849943603
-0.923638540288,0.301003954102
-1.16758851412,-0.520252106514
0.295022274544,-0.292803344819
-0.113177848669,-0.852050819815
-0.450502138312,-0.217436843619
-0.789895014767,-0.297250017472
0.392949992669,-0.389521430419
-0.128520597729,0.491582854661
-0.0212229141504,0.174647914112
-0.789661988339,-0.298246468681
-0.766688816917,-0.0394807815833
-0.78040706746,-0.157927599058
0.191820689804,-0.24376256306
-0.55791796189,0.268450580667
-1.23670100351,0.0156572908518
0.310184777737,0.735830533054
0.892185606497,-0.634969207546
0.343942027348,0.88449566864
-0.387580753873,0.625033278535
0.135792852899,0.423444868492
-0.275639542706,-0.853513387434
1.06930340604,0.360516662643
-1.08881173038,-0.0537216843114
-0.452632941196,0.567414952966
-0.693591795161,1.06811238888
0.916079494357,-0.251399341763
-0.729161831685,-0.0947298939144
-0.388548293867,0.569893015054
0.892923669042,0.0460642081226
0.278332426366,-0.662500078231
0.27875206992,0.253638734515
-0.208210987004,-0.0642505502133
-0.0128840023491,0.88021553614
-0.558339113087,0.148487680891
-1.02267234626,-0.0447050846449
1.17320124319,-0.311798041284
1.32539196455,-0.024183677168
-0.0952771283667,-0.966284061738
0.712615146449,0.929475138699
0.423169437561,0.46938039433
-0.83813367858,-0.420499859061
0.128818174863,-0.34213275103
-0.0828323803551,0.483545680089
-0.56470006106,0.425723321315
0.069653468784,0.414428268826
-0.0756838502663,-0.18108165282
-0.241887949948,-0.230411059031
-0.474665281443,0.0221338737958
-0.515496927164,1.14974662599
-0.25712724498,0.0106347881008
0.603521131864,0.242857510015
0.0562521295899,0.857051967244
-0.144228278279,0.46320903822
-0.373079521386,-0.297045984266
0.400170393635,-0.0557941005864
-0.429364527274,-0.67409475778
-1.25127342441,-0.05518425193
0.557832914491,0.250894684587
-0.709616228913,-0.0498237005544
0.29871244811,-1.02331524421
-0.253378561325,-1.00937230819
0.405347065352,0.320012095851
0.61730123986,-0.685508361644
0.240602672504,0.360297841842
-0.499647873737,0.483341646884
0.600969177782,0.907746406824
-1.38161082549,-0.169424451858
-0.130302223656,-0.258003465788
-0.582057462476,1.02076712655
-0.612963832349,-0.218899411237
-0.321441369758,0.634049878201
-0.0464474703388,0.378072558723
-0.150257810199,-0.410429999889
0.279070488911,0.0185333374385
0.450903169474,-0.735700880095
-0.701610757089,0.284546351804
-0.0344715488531,0.967643185216
-0.308215458831,-0.360387009683
-0.466351191739,0.448968135492
-0.0799141535008,-0.160206051881
0.447702094388,-0.361057643843
-0.20850611478,0.292481225167
-0.0797386150294,1.09564325956
-0.418767738759,-0.289008809694
-0.491778577775,0.277467180333
-0.161416512482,-0.975300661404
-0.0340503976559,1.08760608499
-0.622847823378,0.0431881615359
-0.793301139212,0.41524415403
0.625132320913,0.66817568941
0.0941717381712,-0.8236304503
-0.353903676204,-0.352349835111
0.884536768553,0.566028676278
-0.405049488217,-0.17056199222
-0.388739967616,-0.175963036911
-0.0290900689232,-0.216971246514
0.264496560364,0.743867707626
0.784735218427,-0.668405839683
0.690616494194,-0.184034497699
0.150429363912,0.0831854283642
-0.495417728648,0.990957803044
-0.273483632345,-1.11699229306
0.547657277173,-0.0142283637221
-0.742880082227,-0.213176711389
-0.782537870344,0.626924197527
-0.277197452977,0.948353522309
0.201101483188,0.162965114381
-0.388678110162,-1.22277572604
0.245336409451,-0.301661152769
-0.891059623627,0.141892740366
-0.169899769398,0.63141858176
-0.710824962226,0.217605092154
-0.744576554984,-0.405497236249
-0.369013858521,0.602356649379
0.489141576294,0.906766981729
0.0320889864589,1.09662268466
0.555280960409,0.915783581396
-0.685348056619,-0.679319060841
0.600187943527,-0.430175055107
-0.809440617539,-0.342156210832
0.140754799478,-0.973272254005
0.292050676908,-0.544053260756
0.331479055438,0.600078196556
-1.25169457561,-0.175147151706
1.05175787986,0.834601116894
0.262678116598,0.204127753235
-0.0102701908141,-0.831486049803
-0.820776277165,-1.0155436643
-0.858586352964,0.358622279671
0.443953410733,0.658949452444
-0.717485683021,0.684542523096
-0.377797564064,-0.735919700895
0.858434013739,-1.25807153595
1.18927519651,-0.262287060004
1.03702261769,0.496911265014
0.312491008889,0.502791925936
-0.142238848271,0.373136037186
1.34660938255,-0.248595502701
0.905903857039,-0.516522390072
0.652515857479,-1.25326375097
-0.155729609692,-0.429504420947
1.07879135335,0.499839081057
-0.22004373447,0.193910669154
0.214018301588,-0.0390849881301
0.40279511127,0.984900992659
-0.286604269782,0.0649311697111
0.133304988925,0.677232782391
0.724230984877,0.301087203037
-0.0965506308974,0.365098862615
0.109411101065,0.293662916607
0.343804257244,0.311257060084
0.688834868267,-0.933620818148
-0.792446968849,0.367638879337
0.178102439262,-0.362209380535
0.207988769667,-0.912724026239
0.760493727204,-0.165233581867
-0.0623812136138,0.500599454327
-0.713376916308,0.882493988963
-0.647109649799,0.963148800983
-0.0304112467826,0.374115462281
0.298417320334,-0.666583468831
0.56254913814,-0.71397214822
1.02772546302,-0.229670609888
1.00425121872,0.302898337074
0.859770841403,0.706385800696
0.929797744899,-0.132952524288
-1.24999810285,0.0171733731533
-0.220593672247,-0.36616339553
0.497329449393,-0.0627046389973
-0.0832535315524,0.363582780313
0.426958254401,0.745330275245
-0.198917625209,-0.653642741255
-0.913949134771,-0.689798228126
-0.0652392015716,-1.23017655267
0.5068173967,0.0766177794165
-0.922213867571,0.191013903566
-0.846941730267,-0.0204982906821
0.142215658325,-0.900603461067
-0.684926905422,-0.559356161065
-0.479195199353,-0.295780491848
-0.237822287083,0.668991574614
0.669770048761,-0.0546423638948
0.212612685805,0.244622134849
-0.0349411646927,0.0562010966374
-0.186105835972,-0.465768200894
0.193096011364,-0.171404937977
0.282837522178,-0.623319072919
-0.00880005773357,0.799433641675
0.493099146158,-0.0418290380582
-0.301091340837,0.564783656525
-0.409613094119,0.0797521993644
-0.380161393378,0.0499285468991
-0.664109644361,-0.0371115683458
0.0592360696296,-0.717665442242
0.381453177492,-0.0635577699332
-0.792025817652,0.487601779113
-0.152414485589,0.108012988877
-0.924913861847,0.228646329019
-0.470411493809,1.04249585843
-0.903185865904,-0.478118184629
0.398980421925,0.442542303926
-0.487880228153,0.246900587672
-0.144790802353,1.038024934
-0.220276760899,0.194907120363
-0.356267505518,0.433498412683
0.0904230545161,0.196376645987
-0.293221886729,-0.169582567125
0.118435451483,1.01848867373
1.09744609723,0.826563942322
-0.195294168605,-0.266300652725
0.469624901853,0.490739908904
0.400232251088,-1.10260678972
-0.306940137271,-0.2880293846
-0.825204517796,0.881514563868
-0.0440836410253,-0.407775689072
1.18749357058,-1.01187338045
0.113349402382,0.52480624829
0.126535476052,-0.30038443742
-0.264369969471,0.0353953514291
0.302226314226,-0.278930212447
-0.407252265341,-1.04011121245
0.743239535922,-1.36385496894
-0.678016019672,-0.276517736806
-0.166132736131,-0.0104338285976
-0.598708322792,-0.709128384348
-0.610386770791,-0.362415417083
0.479107718116,-1.31646628955
-0.261433552719,-0.275317252391
0.867714807123,-0.851343858508
-1.21201168002,-0.493875169659
-0.266151595398,-0.71419096902
0.0112791407818,0.640644818725
0.608007878065,-0.096116170603
0.414029093617,-0.556684147684
0.809482863827,0.171421564008
-0.0862751014738,0.117029588543
-0.0991025849794,1.02998775942
0.471825459697,-0.603380930248
1.00297589716,0.230540711991
0.5555993794,0.680678184319
0.314162938841,-0.910069715421
0.0812347218839,0.395844194156
0.569769539106,-0.380244818388
-0.115729802751,-0.187161923007
1.04866411453,0.222503537419
-0.431415408472,-0.800540495031
-0.505425754337,0.720985041922
0.48361119885,-0.181151456472
-1.12977125849,1.00225285553
-0.38501796503,-1.06964703073
0.557894771944,-0.795918004547
0.769787088999,-0.754625772908
-0.153716225587,0.323886619806
0.159267097204,-0.10912407847
0.406668243211,-0.271074612944
-0.953871475284,-1.00709385536
0.0521078747382,-0.469826490963
-0.664847706907,-0.718144984015
0.0729543201719,-0.599218624767
-0.273062481148,-0.997029393279
-1.36789257495,-0.0509776343833
-0.793722290409,0.295281254254
0.649815298532,-0.131822050261
-0.453054092394,0.44745205319
-0.206875421705,-0.247716578055
0.18712678968,0.362616376586
0.201996327122,0.0213604852489
0.244580833608,-1.28560240663
0.196117581286,0.0751482537925
0.43608625596,0.267330291818
0.291530033855,0.409105671789
-0.532911727051,0.319988636049
-0.551201661653,-0.177425604529
0.095066582105,-0.965235079433
-0.914370285969,-0.809761127903
0.143734955125,1.11835141653
-0.560469915972,0.933339477476
0.0222438678579,-0.27779973842
-0.620295869296,-0.621700735273
-0.401299004415,0.50658646106
0.167424520245,-0.00319539443649
0.215714577664,0.139807302724
1.39526919756,-0.00538276133567
0.296555772721,-0.504872255444
1.04540951818,-0.023053203141
-0.648324728985,0.940112314531
-0.863442924617,-0.760953297956
-0.0560202656407,0.223363813903
0.322935657583,-0.546302973917
0.247684544496,0.0133233106772
-0.124711603837,0.879236111045
0.0125433836871,1.0517164913
0.405642193127,-0.0367196795291
0.0692941750399,-0.752347320085
-0.129026902096,-0.185645840705
1.04993943609,0.294861162503
0.938111834603,0.293881737408
-0.446805588967,0.493874328852
0.328636765227,0.192318355917
0.00647996760085,0.94587103628
0.584763111208,-0.189440375829
1.09676989214,-0.901282162482
-1.31911059225,0.553082770519
-0.0894021008086,-0.299528470295
-0.729582982882,-0.214692793691
-0.846520579069,0.0994646090942
0.360474618806,-0.981841437503
-0.0688993467036,-1.38330524799
0.146286909207,0.453462519725
-0.412165048201,0.744641096173
0.00434290366195,-0.854643861461
0.0492647550527,0.522328186202
1.01754982571,-0.494793658197
1.52997625019,-0.290496632103
-0.132730565766,0.0956700739697
0.967145384683,0.478110349182
-0.322408909752,0.57890961472
0.427747344159,-0.438237330209
-0.979422473292,-0.867379453471
-0.128941748926,0.371619954885
-0.768551573347,-0.0449671678486
-0.10894770358,-0.344434663655
-0.578418311602,0.30727650384
1.66638814601,-0.409125024647
-0.422595014401,0.303522462031
0.371595472593,-0.303090232552
0.514441079936,1.00662972453
-0.558277255634,-0.898325008244
0.38139690903,-0.849521487656
-0.567136897821,-1.18508978591
0.254182394072,-0.20195720168
0.0383896241959,-0.588273308438
-0.0112368944941,-0.811379465549
-0.0790233864639,0.871198936474
-1.25041925405,-0.102789526623
0.32625873106,0.785341514335
0.731979116399,0.995130638839
0.6831971337,0.391070233937
-0.115308651553,-0.0671990232303
0.00088934778271,-0.191368540553
-0.686080059293,-0.270866122611
-0.211351337665,0.909045434552
0.772135224043,-0.439641309461
0.188718797945,-0.138947730935
0.0559352182417,0.295981451351
-1.09136368446,0.611167212497
0.410063289001,-0.644854736956
0.0692323175868,0.294465369049
-0.779516300423,0.873477389296
0.347701584733,-0.686660098336
-0.689952644287,0.354621766169
0.659303245839,0.00750036815287
0.0604219644422,-0.0429922292675
-0.540804665557,0.0131172741294
-0.0506776154272,-0.129543597438
-0.1373409918,-0.612480102401
0.340481183767,-1.02038742817
0.472646471774,0.737293100673
-0.34677955821,0.572820831097
0.126790826006,-0.659868781789
0.882327901599,-0.874501670165
1.19162333155,0.0526974034424
1.03678934737,-0.193169648741
0.946298939249,0.607502482986
0.319910369384,-0.0723128057001
-0.0585722197226,0.888252710712
0.190875473335,-0.657390719701
0.711833912194,-0.408446323232
-1.31632561174,-0.112802577499
-0.543356619639,0.678006170938
-0.0302249410433,-0.908665736169
-0.0174139202592,0.562301170496
0.533939026631,-0.132675181197
0.851765369579,0.372015748338
0.941488598643,0.900286141505
0.814659535544,0.547227760445
0.0775955710106,1.10933481687
-0.421739336396,-0.540258725631
-0.196569490164,-0.338658277808
0.397618439553,0.609094796222
0.876716834016,0.231969791774
-0.302453323209,0.731336148821
0.34948321066,0.0629262221133
-0.979001322095,-0.747416553695
-0.14187090971,-0.930394468044
-0.0722888044763,-0.554861776832
-0.511774116013,-0.136669278112
0.24046414353,-0.320404019155
0.534829793667,0.898729807158
-0.743301233424,-0.333139611165
-0.206923097033,-0.988012793613
0.0518167091346,-0.142560710606
0.82565094369,-0.497539899171
0.336655727155,0.975884392993
0.0288135883114,0.505274411964
0.632269772348,0.34226240399
-0.0256950231332,-0.590751370526
-0.405470639414,-0.290524891996
0.715228957984,-0.782226447244
-1.08039895738,-0.307277344648
0.18129943745,0.436157000701
0.0896849919707,-0.484656769682
-0.0998838192343,-0.307933702508
-0.969746401216,-0.607097684072
-0.0110472768326,0.439770962421
0.854317323661,-0.292873148471
0.348603430425,0.00603084252888
0.403064366541,0.361760409461
0.19161353588,0.0236426959676
0.270683588422,0.538497805593
-0.359782422041,-0.298562066568
1.07200396499,-0.760925038063
0.332445759118,0.579971612302
0.41395050163,-0.984159972246
-0.373500672583,-0.417008884042
-1.44103390937,-0.62431723672
-0.429278344533,0.999974402711
-0.0135992309146,1.10465985923
0.596439259872,0.589832041181
-0.7565131796,0.225642266726
-0.338910104102,-0.161545392553
-0.186894925731,0.717799404561
0.895982014091,0.887574009297
-0.627452411046,1.07712898855
0.4348109344,0.194972666735
0.402013877015,-0.353020469272
-0.095229453038,-0.22598784618
0.518623727093,-0.198456975496
-0.310579288144,0.425461238111
-0.513366124279,0.364894829409
0.0177403871239,-1.4131145715
-0.362803991962,-0.545115258337
-0.766662944412,0.226928026235
-0.460207152804,-0.198494221228
-0.263985506801,0.389571644418
-0.0641628395407,-0.248986866122
0.468142426369,0.685787542848
1.64162221886,-0.268767900228
-0.959750961824,0.797765037509
0.377418747926,0.79637876082
-0.273857916779,-0.103927066985
-0.796882389305,-0.631973798513
0.249757505324,-0.909796210196
0.113640737284,-1.14789959303
0.0403209351964,0.471084420813
-0.717906834218,0.564579623319
0.625615329564,-0.258674099949
-0.317297407411,-0.532403126129
-0.492443834055,0.497214779256
-0.0389069693084,-0.0319694926345
-0.113196130419,0.128133708294
-0.403850958497,1.17147535787
0.646475762334,0.920458539033
-0.0140188744692,0.188521046484
-0.245715225589,0.362120212694
0.846497389124,-0.626932032975
-0.822258752648,-0.820496030352
1.21019748673,-0.129967110157
1.43703793322,-0.002454945293
1.12751302581,-0.303760866712
-0.373813031702,0.907582866934
-0.544247386676,-0.353398817416
-0.445634731899,-0.127652678446
0.645584995297,-0.110946449322
1.26362979385,-0.0656574838762
-0.0428083194655,-0.335418063988
0.132934864941,-1.30733113851
0.211797763559,-0.525070769855
0.178993206299,0.669195607819
0.411477139535,0.108204749125
0.132883837728,0.557269882615
0.868035574203,-0.174426330996
-1.33410416435,0.362278327961
-0.067801990414,0.464503756589
-0.543243009961,-0.801519920125
-0.754039394816,-0.0234467636991
-0.287576167321,-0.222373884459
-0.0932293764503,0.293002801431
-0.298934665447,0.0463406677586
-0.636144922723,0.0447042438375
-0.619874718099,-0.501737835497
-0.103632502889,0.71207339378
-0.573702087953,-0.657590328966
0.72644700667,-0.43160413489
1.44425833418,0.331272384539
-1.08082010858,-0.427240244424
0.867419679347,-0.494612083128
-0.152835636786,-0.0119499108992
-0.746707357869,0.379354560336
0.191318408105,0.380374471347
-0.285216414905,0.164787485233
-0.376522242505,-0.663562075812
-0.207296572902,-0.367679477831
0.200806355412,0.519696889761
0.204593723877,-0.538943902227
-0.33143680915,-0.77081284338
-0.0760994641561,0.382152636853
0.180878286253,0.316194100924
0.53071128456,0.4601876452
-0.973469212366,0.679318220034
-0.838554829777,-0.540462758837
0.184574835598,1.02750527339
0.916817556903,0.429634073907
-0.322179432303,-0.0469835374678
0.0150953377691,0.38682759449
0.258300903179,0.236584960277
-0.3351596203,0.515603060727
-0.543664161158,-0.921482819902
-0.876131879148,0.832706733921
0.0319073536371,1.11737199144
0.920566308419,0.767966191659
-0.515918078361,1.02978372622
0.417283689967,-0.311127407124
-0.277618604174,0.828390622533
0.156715143122,0.555764818339
-0.290547764958,-0.473623800396
1.37050327041,0.134974363083
0.0393571641902,-0.533133044957
0.775228989369,0.172456270013
0.758416973501,-0.558088126936
0.323164965734,0.17324393486
0.307836642692,0.420846069608
0.914217946743,-0.089688128376
0.761732097604,-0.0205707171124
0.298772758346,0.384345108461
0.43155633805,-0.0505840738251
0.233720571023,0.326726782892
1.75681669667,-0.162984467239
1.20841586081,-0.879553430607
0.00216466934253,-0.11901091547
-0.264876273838,-0.641833343937
-0.210788813591,0.334229538777
-0.268515424711,0.0716572787741
-0.00945526856717,-0.0617931450998
-0.142659999468,0.25317313741
-0.953450324087,-0.887130955588
-0.291403442963,0.370157387266
0.432277262069,-0.120322964566
1.34958098019,0.00265441323608
-0.436313264943,0.185075644556
-1.105081935,0.492720395023
-0.091834407248,-0.599767970192
0.636097047989,-0.250268867736
-0.0956506042352,-0.345950745956
0.644037417931,0.105821344778
0.617361550096,0.722151991027
-0.376052626665,0.247880012766
-0.759065133681,0.890531163535
0.0313077522039,-0.241298777273
-0.767757645358,-0.141893581174
-0.557074870182,0.559559353463
-0.59082646294,-0.0635429749395
0.983800051977,0.285844562836
-0.300322520324,-0.0535156477636
0.568579567396,0.118091586125
0.224549310421,-0.386517368126
-0.0195509841981,-1.23821372724
0.0555759244976,-0.87079413756
-0.171261751771,0.797971074056
0.315944564768,-0.160483394972
0.362695156836,-0.495855655778
0.00344805972819,-0.713039232329
0.83884855118,0.574065850849
0.620986621779,0.0133602517906
0.820917206743,0.164419095441
0.122074602356,0.304998051017
0.649776613722,-0.0931883545604
-0.695373421088,0.31852606843
0.0720634612817,-0.317399956862
-0.134069256923,0.383848944569
-0.567558049018,-1.30505268569
-0.610807921988,-0.482378316859
0.666926929075,0.937512313271
1.04144371357,-0.111223792413
-0.682752526835,-1.41083611867
0.369946871845,0.258313692152
0.978579727599,0.471107880615
-0.0544867674645,0.0112949032774
-0.795722366997,-0.223709393357
0.4835929171,0.799033071638
-0.306016537439,0.393315198924
-0.05025646423,-0.0095806976617
1.04878628222,0.583351200957
0.928016118972,-0.882538844737
-0.14073603759,-0.238699978389
-0.832802328527,0.217911426569
0.0362329488063,-0.0698303196715
0.712728756128,-0.550050952364
0.0189772498817,-0.472275793774
-0.0684798105851,-0.167208520448
-0.233761985012,0.0754638516791
0.418559011527,-0.238769782041
-0.769032966918,-0.214251206257
1.41000445972,0.332307090544
1.32361033862,-0.773769997617
-0.307121770093,-0.267280077819
-0.324299357716,-1.0967261288
0.954685839739,0.0875380148309
1.34750422648,-0.390200131833
1.16772944369,-0.330872462342
-0.165663120291,0.901008259981
-0.651346298906,0.693559122762
0.57949326726,1.0642480501
0.20325503272,-0.250765031627
1.06633180841,0.109266746706
0.472120587473,-0.960112705628
-1.04002974768,0.550338720591
0.304179455957,0.425139689673
0.680890902548,0.624108841056
-0.863021773419,-0.64099039818
0.296220804265,1.04923400527
0.520880246647,0.00243559243549
-0.0459888413004,0.315005038531
0.571044860666,-0.307887193304
0.324440287294,0.245601559943
-0.198933319478,0.447189969986
0.355740881859,-0.319882442891
-0.445213580701,-0.00768977866953
-0.694012946358,0.948149489103
-0.0999933520162,-0.00141722893122
-0.421319692841,0.375880087114
-0.858353326535,0.357625828461
-0.168684690213,0.654455068211
-0.366363221149,-0.742922169462
0.37890122341,0.601331126876
-0.0639747147723,-0.128027515136
-0.681655170545,0.436972885905
-0.154454288132,-0.357146795863
0.170882038296,-0.695936710367
-0.203901527112,-0.741459601843
-0.164389617761,-0.430374664372
0.302521442002,-0.635661987827
0.731302911306,-0.732715465964
0.621110233751,-0.29785510526
0.790709379222,-0.622305823061
-0.872071577078,0.239179010987
-0.203480375915,-0.621496702067
0.402243354464,-0.97891362146
-0.0824661075827,0.504682844928
0.0283924371141,0.385311512188
0.986705692534,0.776982791325
0.571613022486,-0.677471187073
-1.02631149714,0.668785538066
0.504905476551,-0.316903792971
0.221767330446,0.613383143908
-0.261854703917,-0.395280152167
0.742653073244,0.665582647764
0.365716726757,-0.249302464009
0.366137877954,-0.129339564232
-0.0801597662266,0.975680359787
-0.960172113021,0.677802137732
-0.340691730029,-0.911131713003
-0.134745462015,-1.34399716023
-0.0386118415325,-0.388701268014
-0.358049131445,-0.316087907766
-0.627030451284,0.804359978033
-0.519193476508,0.438435453524
0.479783923208,0.411379815253
1.05108167477,-0.89324498791
-0.285328948222,0.137288794794
-0.257065387527,-1.03617790103
0.839369194232,-0.379093081696
0.0533832641598,0.96087034816
-1.28770496852,-0.402325875187
-0.83360376067,-0.102585493417
-0.109368854778,-0.464397563431
-0.278088220013,-0.0830514660456
-0.161837663679,-1.09526356118
0.879356303962,-1.1257515861
-0.560891067169,0.813376577699
0.300364766612,-0.11721899906
0.0920949844684,-1.21648499537
0.43495138384,-0.424364197837
0.296134621524,-0.624835155221
0.433419500743,-1.30842911498
0.125286026997,-0.106333254684
-0.553735333984,-0.49272123583
0.70255311881,-0.815174000674
1.03500772144,-0.94275596919
0.567405709793,0.405603429407
0.538130645055,-0.114917086435
0.567217585024,0.284644078421
-0.0877575769575,0.312077222488
-0.38800190507,0.505070378759
0.335764960118,-0.0555205953614
0.7059481646,-1.18895412469
-0.234951956722,0.573800256191
-0.557856104437,-0.778362108468
0.336950854931,0.619152617613
0.150035592862,-0.566544576563
0.678542767503,0.309124377609
-0.148605491697,0.495666245261
-0.132793935363,0.456206569653
0.212191534608,0.124659235073
0.802262462861,-0.162305765824
-0.543777770837,0.558043271162
-0.780381194955,0.108481208761
-0.446488902261,-0.0800474037529
0.767710335296,-1.14748031798
-0.251158023296,-0.523386526462
0.656997014688,0.240538975272
-0.93391588874,-0.854667321263
0.323305415174,-0.446092929712
-0.425883298743,0.626194278698
-0.0466355951073,0.257113207737
0.559348063055,-0.339328911968
0.669478883157,0.272623416462
-0.426664532998,-0.711727183233
0.155933908867,-0.782156643592
-0.388318816418,-0.0560001371342
0.312761839295,0.592314527209
0.913527540275,0.413489555046
-0.100304970432,-0.427896602284
-0.158093439005,0.356343826848
-0.849098405656,0.497944698084
0.165029232826,0.982599080035
0.114316942376,0.579946511771
-0.637420244283,-0.0276533812459
-0.611688510789,-0.146541786154
0.371946948433,0.777304339763
0.989257646616,0.112093894516
0.27747674836,0.181281109432
0.937690683406,0.173918837632
-0.388969445064,0.449930115278
-0.802303166105,-0.668069496252
-0.344330880903,-0.197641090292
0.448301695821,0.997613124868
0.722022117922,-1.13944314341
0.756806901002,-0.192039174714
-0.702472431606,-0.0852717068145
-0.819885510128,0.0158613240575
-0.376906797028,0.295485287459
-0.541225816755,-0.106845625647
-0.145710753762,0.658256672164
0.267073621921,0.600351701781
0.961034201415,0.945192334865
0.080158359853,-0.585345492395
0.176645071254,0.354211144373
-0.210762941086,0.600638346595
0.195067159621,0.7187065891
0.60078754496,0.928495713604
0.202516970175,-0.931798447296
0.126266220781,0.322756145779
0.79845346897,-0.549959022208
0.763888772994,-0.539013705879
0.777607023536,-0.420566888404
1.62069992863,-0.401087850075
-0.48966185408,-0.502685732778
0.38043020535,-0.829414903402
0.0184165922162,0.314731533306
0.0253708671927,0.138758320418
-0.451552627838,-0.932217722351
0.319634738334,-0.890995294364
-0.535463681133,0.984877532858
-0.329015581365,-0.131859295993
0.191843013329,-0.602250456221
-0.0547615600428,-0.0487617029731
-0.996779874708,-0.272335648235
0.781182814966,0.635344668265
0.39826519336,0.666986627016
-0.248136453374,-0.276833334693
0.124990899221,0.250398520695
0.110377804745,0.273556332353
0.403090239046,0.62816921728
0.930092872675,-0.489684299668
0.748124872737,0.684657068821
0.37070062866,-0.16148560342
-0.145210445907,0.121886121249
-0.213132963592,0.159459114103
-0.175930198655,-0.200645152584
-0.435945326382,-1.11845486067
-0.419188889957,-0.408971709471
0.245132590414,0.678212207486
1.11048814268,-0.782835345007
-0.826986143723,0.131928243419
-0.807440540951,0.176834436779
-0.755254474002,-0.0464832501502
-0.0831313638631,0.72443044385
0.708085228539,0.611560773055
1.07268017008,0.96692106674
0.282416370981,-0.743281972695
-0.0969717820947,0.245135962838
0.12086113825,-0.8141722632
0.624081831387,-0.046605189323
0.00248135604819,-0.692932648074
-0.703687510792,-0.108308193266
-0.217369612699,-0.110130564118
-0.215587986772,0.639455756332
0.488720425097,0.786804081953
0.781416017427,-0.0329136320198
-0.195587437408,-0.314625340148
0.0601268366664,0.313739546112
-0.181869186865,-0.196178522673
-0.14521195355,0.918062034219
0.605685401432,-0.0571204259826
-0.146448816308,-0.022776743505
0.578817062167,-0.6635980547
0.606827640105,-1.2452265764
0.471595982248,0.0225122219406
-0.437629260074,0.206717373912
0.716043880231,-0.0125335425407
0.45545022591,0.332985791959
-0.119813747366,-0.106380028542
-0.0411896681194,0.00977882097576
-0.383832070218,-0.394973817753
0.187188647133,-0.684196312549
-0.324667296277,0.206804376431
0.352419627412,-0.247786381707
0.167581186908,0.317710183226
0.302964376771,0.402103203222
-0.834024911867,-0.222548393194
0.232644208992,-0.654462903659
1.03161267565,-0.568975845178
0.210831059879,-0.504964185601
0.0263752439082,-0.30936278229
-0.771994294465,-0.411483259394
-0.138061915819,-0.54274121166
0.2535828605,-0.202288756352
1.16272764343,-0.871516256035
0.562319660691,-0.0880789960313
0.163753843405,-0.448097759088
0.980357330858,-0.0806715287096
0.427478897453,-0.2078286573
-0.0414589233903,0.632919404174
-0.131913346562,0.120370038948
-0.509196289427,-0.535149367102
-0.477103625846,-0.792503320459
-0.664530795559,-0.157074468122
0.641255437956,1.10572185681
-0.166553887328,-0.130396728374
-0.227264135436,-0.139816660678
0.237912189448,0.344484877654
0.356982378117,-0.279932420894
0.80088501654,-0.357182774752
-0.0350197566793,-0.371274727925
0.312366560603,0.738760435251
-0.276829514415,-0.355176982922
-0.236434432205,0.768847890136
-0.733586720432,-0.80256890243
-0.773269616025,-0.483840884478
-0.102231403343,-0.790310848851
0.118014300286,0.898525773952
0.353292204552,0.450579478498
-0.199121444246,0.326230619001
-0.495478038884,-0.416702549628
0.900610721876,0.615539657558
0.592768583032,0.144929676529
-0.760425608411,0.260907742862
-0.252140190925,-0.864709443432
-0.0407685169222,0.129741720752
0.437922981477,-0.1731142819
0.0464067670949,-1.2084478208
-0.342570249234,-0.314674087871
0.554067496302,-0.203386732822
0.34533775542,0.0991881494582
0.0717644777737,-0.0765151931012
0.0046380314378,-1.21137563684
0.916374622133,-0.608131117142
-0.475943603538,-0.384238915303
0.644880509639,0.396930117575
-0.259433476132,0.24367339522
-0.497975943784,-0.929519994473
0.95814335779,-0.6052033011
-1.09422167242,-1.1196087945
-0.235245225525,0.525475568768
-0.731830201981,-0.574355472944
-1.1851340403,-0.0461676522636
-0.615515786431,0.445989485571
-1.31674676293,-0.232765477275
-0.835300233427,-0.294906018277
0.348976906293,-0.614302473253
0.0555140670444,0.176018551575
-0.310767412913,0.304501887126
-0.930219339396,-0.143356148792
-0.678249046101,-0.275521285597
-0.162211948112,-0.0821983351096
-0.423016165598,0.183559562255
0.860215639666,-0.5084852155
-0.639841472068,-0.666606928633
-0.380582544575,-0.0700343528772
-0.000300623926894,0.306967863959
-0.466772342936,0.329005235715
-0.130723374853,-0.377966365565
-0.188449985973,-0.640538625567
0.34986767333,0.417102515102
0.0801970446629,-0.623979188096
-0.0995237361766,0.910024859647
-0.305121693505,0.251710569791
0.0602302906939,-0.788848281232
0.592473455256,0.501661451909
0.481122614366,0.123200944654
0.336234575958,0.855921493217
-0.238139198431,0.107921058721
0.826596160159,-0.0839117425293
-0.293403519551,-0.148833260345
1.03494586399,0.104056719945
0.53440864247,0.778766907381
0.282948547853,0.200355530489
-1.14695949269,-0.43625684409
0.434370578016,1.13063622605
-0.266714119472,-0.139375073245
-0.375631475468,0.367842912543
0.0984686975142,0.853619580592
-0.727161755097,0.424260753696
-0.0016626062992,0.473520356255
0.494039432765,-0.0788491578576
-0.276902325201,0.591621746929
0.314918514684,0.0738715384427
0.728947208526,-0.663779629769
1.05794490792,0.629231214861
-0.132854177737,0.40688543102
-0.68869393869,0.0824962492925
0.875378142858,0.520148662373
0.694011539984,-0.557814621711
0.518202575896,-0.318419875272
-0.27345775984,-0.850583485237
0.549860183609,0.879687883657
-0.800147255744,-0.931548401873
-0.0374931187746,0.721089993446
-0.183029209173,-0.604442927829
0.183222842517,-0.77236690182
-1.30284038762,0.00664069118535
-0.315297330823,-0.0134124785178
0.670737588755,0.000497899585966
0.390398038587,0.27536746639
-0.0794445376612,0.751236036697
0.829633657023,-0.257777880777
-0.00729859317755,-0.580236133866
-0.492992041882,-0.841703133885
0.153857155165,-1.17501118866
0.709757158491,-0.801300868301
0.227944356211,-0.760297492138
-0.224420947889,0.226367876196
0.133672927486,-0.626297722839
1.36122247702,-0.271753314359
-0.0827102126659,0.844393343627
-0.14657242828,0.288438613546
0.0905757590075,0.546748218672
0.666083222559,-0.0814479567418
-0.626073749897,-0.384057340234
0.657019338213,-0.117948917889
0.156828752801,-0.923761272725
-0.455912080351,-1.28332395381
0.421092683858,0.0765258492604
0.591967150889,-0.175567243457
1.20121182112,-0.893426562979
-0.0509945267754,-0.690614113331
-0.586492882931,0.0211544487011
-0.320062708609,-0.827136450579
-0.589044837013,0.68604334551
0.386589044696,-0.112285789994
-0.293581112611,0.0219810580038
-0.0559584081876,-0.823448875231
0.320449660581,-0.121302389661
-0.199414713049,0.277905931578
-0.24443990403,0.434477837778
-0.221014823444,-0.486126295306
-0.317718558608,-0.652366025905
1.12204122632,-0.32283528777
0.162300552294,-0.904686851667
-0.492022682858,0.617177679032
-0.904461187463,-0.550475809713
0.465247688434,0.523197115946
0.0355465045104,0.403881368728
-0.317987813879,-0.0292254427064
0.320028509384,-0.241265289437
0.979082009298,-0.153029153793
-1.23627985231,0.135620190628
-0.249168593288,-0.613459527495
-0.108104611872,-0.0533258908582
0.907215996438,-0.654011131047
-0.352628354645,-0.279992210028
1.02517350894,0.435218286921
0.937296912356,-0.475811167296
0.625194178366,-0.378636999725
0.690479392119,-0.322015125366
-1.2295572062,-0.0197907154083
1.09022569627,0.49283661249
0.0231503291636,-0.347227461306
-0.3908707705,0.608888759674
-0.124343665276,-0.424294394185
1.33732858916,-0.655323180143
1.00000429952,-0.0207092039461
0.590753686783,-1.29473755768
-0.0168746290621,0.513311586536
0.268474721468,-0.90203254085
-0.395550244172,0.0055700123834
0.785625985464,0.362999148672
-0.106947626993,0.174555983956
0.121736302871,0.00484178013526
0.205497125822,1.15982522324
0.711538784418,-0.0517145478521
-0.0839485830663,0.699730478872
-0.455490929154,-1.16336105403
0.158362250977,-1.13583018335
-0.0922555584453,-0.719730869968
0.28087179415,-0.19249901458
-0.421740844039,0.255917187338
0.57364039045,-1.03940425114
0.119954676944,-0.744744540314
0.00732305930894,1.23697980908
1.027863992,0.45103125111
-0.0514156779726,-0.810577013107
-0.734007871629,-0.922531802207
0.447410928785,-0.0337918634865
-0.364286467446,-0.350067624393
-0.340018295152,-0.97956298468
0.881433057665,-0.732897041033
-0.478304432316,0.735624496507
0.965363758756,-0.271475971268
0.912252218715,0.341131929963
0.00801346577709,0.733802125655
-0.497554792587,-0.809557094697
-0.374234182899,0.787619967157
0.751335101509,-0.211113595771
0.331057904241,0.48011529678
0.92630550421,0.56895649232
0.835876953543,0.322815934912
0.280285568097,0.0415698238896
0.899272030718,0.903718528157
0.184600288838,-0.577489892892
-0.302874474406,0.611373249045
-0.437208108877,0.326680273689
0.266258699674,-0.169341202923
0.060000813245,-0.162955129044
0.176223920057,0.234248244597
-1.04258170176,1.2152276174
-0.120948619486,-0.798074518197
0.173772881921,0.854458925598
0.434095705835,0.419416989825
0.0121222324899,0.931753591522
0.0136236970459,-0.447916184019
-0.147787507465,0.265402127095
0.545373369546,-0.139677649764
0.437904699726,0.807070246209
0.0771744198134,0.989371917091
-0.500997513706,-1.17607318624
0.263758497818,0.0628342919572
0.85429904191,0.687311379639
0.262863653884,0.20443892109
-0.152809764281,0.254458896919
-0.253502173297,-0.698156951136
-0.408021085854,-0.421811908157
0.536349019128,-0.864503406885
-0.291029158529,-0.642907838805
1.27792212125,-0.765732823046
0.988067674906,0.610430299029
-1.50608609669,-0.681935562289
-0.83487908223,-0.174943118501
0.620143530071,-0.277748521006
-0.702412189232,-0.0359505681822
0.27808681364,0.473386333438
0.351510578625,-0.299006841952
0.0151448573394,-0.681597513664
-0.1014758275,0.193630405013
0.147878917473,-0.0481015877965
0.342022631317,-0.438329260366
-0.442089365317,-0.470992503955
-0.668955684306,-0.864913476638
-0.104053654087,0.592110494003
0.559091620089,-0.021230832289
0.257879751982,0.116622060501
0.0529621129625,0.840907448383
0.490547192076,0.62305985875
-0.495899190081,-0.536665449404
0.225516014101,-0.40662395238
0.27333129312,0.217543036777
-0.175638965189,0.830428281098
-0.21387737201,-0.812039580726
0.0158829198848,-0.000564097995299
-0.747128509066,0.25939166056
-0.544559005092,-0.779878190769
-0.809571343836,0.961686233364
0.912374386405,0.7019795935
-0.820306661325,-0.104101575719
0.920145157222,0.648003291882
-0.218949148396,0.245442297253
-0.325818583177,0.666507085243
-0.259679199062,0.675523684909
0.710176802046,0.114837944444
0.164608081629,0.862636180258
-0.705257412117,0.580613641203
0.306731410038,-0.239749207135
-0.223145626329,0.298725501279
0.289553822416,-1.06919525812
0.625049371382,0.00853507415772
0.410201817975,0.0358471240413
0.578755204714,0.383214634434
0.230021109914,-0.367442947069
-0.561604788092,0.24164498782
-0.983061624165,-0.15388883076
-1.2538253785,0.609704644879
-0.900164295982,-0.23156499286
-0.348561184137,-0.176765489353
-0.664004615199,-0.427036211218
-0.973890363563,0.559355320258
-0.0487380072216,-0.489721545399
1.30814156614,0.0931690017029
-0.81423979072,-0.0369299932769
-0.786097099531,0.429117286402
-0.0815202409563,0.346056939114
-0.397706919562,0.52401300115
0.501078200909,0.275627478755
-0.404272109694,1.05151245809
0.0235932639332,0.690537729743
0.83040515405,0.303741513855
0.827871481719,-0.011554117446
-0.905089492585,-0.403033450461
0.316239692544,-0.517215170352
-0.423101318768,-0.373706233335
-0.289332685772,-0.450587313945
0.279010246537,-0.0307878011938
-0.768739698115,-0.165926518834
-0.149026642895,0.375703345485
0.303758304759,0.305176789897
0.531387072549,0.532213715612
-0.104027781582,0.858519301822
0.645004121611,0.0857147605238
0.420377455293,0.30097017235
-0.133531997909,-0.224826846016
-0.520353498816,0.0301710483675
0.660259947226,-1.18091695011
0.102372332921,-0.0608137200051
0.229660268952,0.920254505827
-0.355599952281,-0.531242125965
1.69028203387,-0.0255551588629
-0.941184066472,0.775088408353
0.871906493409,0.524753450293
-0.401720155612,0.386623561284
-0.249589744485,-0.733422427272
0.0116526166503,0.0203115029438
0.569536268783,-1.07032573214
0.100889857437,0.134233913939
0.461994421784,-1.06113298301
0.779962726316,-0.489502724599
-0.39062504757,0.177038469985
0.0606514418911,-0.668885381456
0.487359950367,0.15718066128
-0.328545965526,0.779582792586
0.451641232019,-0.0546674644255
0.516993034018,0.341740827726
0.3024829832,0.232819164814
-0.446696056185,0.187357855275
-0.784020345828,0.821971831472
-0.266358749322,-0.446785709992
-0.328124814328,0.899545692362
-0.342174970542,-0.461119995913
-0.0943863613299,0.0651209266165
-0.242257707538,-0.330621103236
0.643033041215,0.553942447487
-0.208405572517,-0.792965159668
-0.443056905312,-0.526132767436
-0.887310939972,-0.878114355921
0.224995371048,0.546534980165
-0.345068943448,-0.878674505961
0.511621776788,-0.762779978167
1.38611057186,-0.05126277524
1.03239390991,0.768945616753
-0.680379848986,0.509330510988
-0.219750580539,-0.0750546227331
-0.404589021043,0.4904419422
0.502353522469,0.347985103838
0.510063866517,1.03908693158
0.3023648432,0.401771648551
0.481059244768,0.483737440337
0.111272648679,0.131951703221
0.113578879831,-0.101086903898
1.39857011681,0.339309559111
-0.444332226872,-0.598490392519
0.335708691656,-0.841484313084
0.101119334886,-0.491659238249
0.337023665716,-0.327646112238
0.847235451669,0.0541013826943
0.0980467377519,1.12638859111
-0.904882338661,-0.670438709489
0.791604223156,-0.763910452194
-0.158281563774,0.235384475862
-0.391291921697,0.488925859898
-0.49457463694,1.28206657584
-0.269253487257,-0.609376136895
-0.626656975415,0.184026662251
-0.19813939149,0.350263556661
-0.495465403977,0.250661587486
0.554861316854,-0.000355231349951
-0.149244875473,0.981822652002
1.10119478089,-0.193443153966
-0.199671382023,-0.233843445683
0.541546093905,0.452853621962
0.0559970756948,-0.750831237784
0.487000656623,-1.00959492763
-0.855679204764,0.0535845951899
-0.945852513356,-0.223527818288
-0.467427553769,-0.53222155106
0.265291995994,-0.149234618668
-0.0165708285511,0.853409943293
0.309446715192,0.0547971173854
-0.129448053293,-0.305608740481
0.0566841155476,-0.0527765454334
-0.578308778821,0.000760030263711
-0.54572986216,-0.158351183472
1.30092116518,-0.240558328129
0.897639124239,0.364289741621
-1.26754362904,0.491257827404
-0.824415428038,-0.302053041586
0.59069182933,-0.247924868541
-0.889888766559,-0.479634266931
-0.293824670748,-0.268796160121
0.611308797314,0.248576149843
0.0427466219629,-1.36157651612
0.413448287792,0.998316276201
0.126246005129,-0.418089854857
0.364726547467,0.443577009931
0.15794109978,-1.25579308313
0.369525720648,0.138350792376
1.13088978985,0.302643537385
0.966254525793,0.759929017087
-0.858774477733,0.237662928685
-0.58946598821,0.566080445734
-0.412946282456,-0.593280365758
-0.867355353428,-0.72568782182
-0.121316558047,0.505455987033
-0.829538097805,0.796817140228
-0.0331448336863,1.05975366587
-0.455301311493,0.0877893739361
0.157566815347,-0.242727857055
0.00641965736476,-0.461789316391
-1.32038591381,0.480725145436
-1.38543810113,0.423106819867
0.0741528498919,0.742818725321
0.372870794153,-0.230732607469
-0.782959021541,0.506961297751
-0.280640174095,0.581837430763
-0.494995788137,1.16210367606
0.14299689258,0.437318000864
0.676761141576,-0.44046194284
0.440282733893,0.214047087792
0.0583452107394,-0.435846774337
-0.0305928796044,0.394864769061
0.141718570485,0.0309452117655
0.302904134397,0.35278206459
0.208049079903,0.494936326433
-0.135522548034,-0.0727401480097
0.448669634382,-0.305917380363
0.414731735885,0.353761489685
0.482916712007,-0.928813033166
-0.129335519976,-0.278110050042
-0.512169394706,0.00977662993011
-0.409383068226,-0.25525941586
0.424407807961,0.614043259084
-1.37489452525,-0.615300637054
-0.63656607392,-0.0752586559388
-0.326239734374,0.546544185467
-0.200574735357,-0.130358473578
0.19944437304,0.686249382058
0.576203250632,1.04810353124
0.53912486612,-0.186099925425
0.461129179327,0.0846549539882
0.0585784041035,0.748675492609
-0.32211757485,-1.0937962266
-0.301486619529,0.711229564567
-0.278979078903,0.19876720186
-0.956028150673,-0.488650866597
-0.813267893181,0.250375060894
0.0218116380062,-0.0590485907065
-0.30754292129,-0.387242977596
0.133777956649,-1.01622236571
-0.301512492034,0.444820756749
0.337929229686,-0.355498531359
0.253823168189,-0.0103935765515
-0.0665266688542,0.536861381672
0.327792229236,0.573272603709
-0.0131772711523,0.831890848717
-0.63784139548,-0.147616281022
-0.602768624862,-0.115600661414
0.718759185384,0.28201278198
0.627476877177,-0.420385313335
0.0126569933659,-0.427809599765
0.84738815616,0.40447295538
-0.123868512129,1.17034488384
-0.199354470675,0.32722707021
-0.557496021379,0.439596453687
-0.0432405493173,-0.116666916275
0.448351215392,-0.0708119832859
1.02389818738,0.362860661838
-0.60307470597,0.141117154682
0.791899350932,-1.12064222757
-0.397845448536,-0.156688859847
-0.265260828361,0.317214019334
0.100598691834,0.461499694296
-0.240982385978,-0.258263478153
0.479045860663,-0.269653600416
-0.112822654551,-0.492199607487
-0.197009846549,0.597005281505
-0.606823389626,1.16112425097
0.139357741707,1.15080862358
-0.681117911531,-0.171702904681
-0.612938724873,0.302473479726
0.489509514855,-0.396763523501
0.236636867888,0.27212725257
0.818569071698,-0.150565368005
1.32906385636,0.22548895155
-0.754833322804,0.0734796496261
0.351686117096,0.956842469493
-0.192955081786,-0.679719630879
-0.311000439342,0.305498338335
0.351264965899,0.836879569716
-0.18600080681,-0.855692843766
0.0358117976091,-0.189793219448
0.365520475455,0.346650596605
-0.175998258933,-0.336347307812
0.126561348557,-0.0339756296011
0.74294820102,0.308850872384
-0.746940384298,0.380351011546
0.550067269671,-0.74605658941
0.707729790527,-0.439367804236
0.111026925749,0.563801992911
-0.133275328935,0.286922531244
-0.849072533151,0.764353505903
0.174068009696,0.497727150218
1.37772367137,0.468701692915
-0.44219201078,0.2388634131
0.371717640283,0.0577574309852
0.0146741865718,0.266864694713
0.298253809975,0.892532843212
0.467404363824,0.00475412717913
0.342929092622,-0.507756983252
0.36923164328,0.482758015242
-0.753917227127,0.337400899838
-0.920731392088,-0.00403373037872
-0.880567299603,-0.166905943929
-0.811992571621,0.322732685977
-0.111499657662,0.320454233154
-0.740880005639,0.305813936222
-0.457853265575,0.752678270745
-0.331706064421,-0.147672260181
0.239864609958,-0.320735573827
0.504484325354,-0.436866692747
0.43335764329,-0.261616425844
0.903250191822,-0.742181720319
0.782183264346,-0.00351694287427
0.266652470724,0.480388802005
0.954316082148,-0.0126720293743
0.221829187899,-0.433429545227
0.870605650747,0.699051777457
0.281166921926,-0.54923078996
-0.956423429366,-0.342204958555
1.332035454,0.476738867487
-0.702705458035,-0.0842752556052
-0.622426672181,0.163151061312
-0.408649323113,1.08396966513
-0.89223291656,-0.654404691605
-0.324485663455,0.186055069651
-0.436734416141,0.0651127447801
-0.0603538456496,0.138666390262
0.14295372087,-0.219570045398
0.414919860653,0.47472084067
-0.203651362156,0.00831625335713
1.18719844281,-0.655141605074
0.30689476111,0.719686014194
0.194646008424,0.598743689323
0.646054611137,0.800495639256
-0.908916768226,0.189497821264
0.529904597065,0.727261349556
0.426564483351,0.0956002703177
1.04872597198,-0.824309151715
1.155655717,0.162286412966
-0.709692832572,-0.418999036647
0.240755376995,0.710669414528
-0.802724317302,-0.788032396028
-0.0898343306603,-0.0807773225814
0.509911162026,0.688715358891
-0.903607017101,-0.598081084406
-0.872492728275,0.11921611121
0.199024729485,-0.229889430688
-0.356455630286,0.312539061697
0.389122717027,0.203009841307
0.309508572645,-0.992015571749
-0.688987207493,0.0341715618695
0.0443812372669,-0.122443302122
-0.612355499354,-0.265610522759
0.0580994878092,-0.00399648464707
0.287995912145,0.732671651628
-0.930640490593,-0.263319048569
-0.824836579235,-0.422015941362
-0.356875273841,-0.603599751048
0.0938766103954,-0.466898674921
-0.0653528112504,0.24934953839
0.331730530553,0.804415935392
-0.509617440624,-0.655112266879
1.19709513105,0.0717718244997
-1.14951144678,0.228632052718
-1.06183206203,-0.329953973804
-0.626187359576,1.09546875083
0.618551521805,0.223815586515
0.633545093907,0.414620029073
-0.548307688747,0.240128905518
-0.0923862847422,0.584111574227
-0.0682231416112,0.344540856813
-0.422160487593,-0.660221625408
0.101097011361,-0.133171345088
0.35413529626,0.741688251294
-1.16450501888,0.0378276101603
-0.233422974781,-0.856945774086
-0.669323622867,0.438617028592
-0.228246303064,-0.481139577649
0.171772805333,0.335468277987
-0.0570387215464,0.676183800086
0.189536782178,-0.369211849102
0.389263166467,-0.416327023266
-0.478725583513,0.61566159673
-0.865994878699,-0.0960644011471
0.333213006036,0.609368301447
-0.39755032076,-0.513420635227
0.0833443312534,0.60831836819
-0.170588316894,0.729539802379
-0.840685632662,0.244389037748
-0.561135172252,1.1530870764
0.0425813104823,0.787824000363
1.27881288829,0.265672165309
-0.761041345121,-0.58776976637
-0.0919540548905,0.365360426514
-0.356688656715,0.313535512907
-0.210983399104,-0.394485070678
0.331540912891,-0.446734492579
-1.02956476379,-0.915544560892
-0.38055667207,0.196374454941
0.793680976859,-0.371055907124
0.279976950217,-0.0508943854479
-0.224280498449,-0.392968988377
0.396483567433,-0.0825996934334
0.019691913776,0.387089158389
-0.0551771739326,0.5144725867
0.40946375543,-0.645186291628
0.0421601592851,0.667861100587
1.3449522724,0.274688764975
-0.508228749432,-0.480009103622
-0.0153808568415,0.355073538781
-0.134807319468,-0.2971844711
0.25825322785,-0.503711255281
-0.154886517984,-0.13839564815
0.98337890078,0.16588166306
0.971861608332,-0.486756483625
0.200906897675,-0.565749495074
-0.34462288282,0.0543778423304
0.0646895873718,0.281593506925
-0.342088787801,1.21294916458
-0.932134262813,-0.105081000813
-0.0713832405067,-0.582714195954
0.501932371272,0.228022204062
0.489064716592,0.818107492695
-0.668534533109,-0.744950576862
-0.999331828789,0.392553248574
0.0751572266075,0.294697622612
-0.355893221084,-0.579566813388
0.143848564804,-0.36117467453
-0.664425766396,-0.546999110995
0.299674360144,0.385958684362
0.418540729776,0.741414746069
-0.206453481194,-0.0765707050347
-0.0335659848835,0.939790766094
-0.106885769539,-0.872256705178
0.224800785535,-0.18217962929
0.111567776455,-0.224780072159
-0.317692686103,-0.385957218086
-0.112634529782,-0.371240256502
-0.237296106723,0.399029831518
-0.309673724175,0.397608818989
-0.438865219025,0.849964541365
-0.758276043923,-0.29303644192
0.219328986043,-0.201254050347
0.908997622365,0.0955751894026
-0.867776504625,-0.845650721596
-0.586914034128,-0.0988084510752
0.295865366253,-0.00169457202226
-0.136417391968,0.0688644811227
0.419482611359,0.442574801483
0.879126826514,-0.499858433914
0.39459451652,0.222084262364
-0.431597041294,-0.77979118825
0.192113843735,-0.512727854947
0.324258654472,0.266350866724
-0.11797702185,-0.54682460226
0.306310258841,-0.359712106912
0.553499334482,0.166197260947
0.224128159224,-0.506480267902
0.643616266734,-0.0141415549983
0.0763310842113,0.00718577933017
0.053420014137,-0.607315231938
0.64119512772,-0.30193849586
-0.564156742174,0.906533884629
-1.39915635167,0.304660002393
-0.88644604544,-0.113118175385
0.0315372296528,-0.867191929461
0.976798101672,-0.278478439835
0.0360671475629,-0.549277563818
-0.591247614137,-0.183505874716
0.108989949868,0.173700016831
-0.371068724762,0.335696873355
-0.0588163248059,1.22796320941
-0.609917154951,0.549026671495
-0.3447520321,-0.317603990068
-0.0723070862268,0.425322751278
0.756511773226,0.164692600666
0.176079113072,0.621420318479
0.375404466485,0.0845630238322
0.380009054153,-0.949377803178
0.211289688917,-0.568031705792
0.279864416899,-0.0783930758867
0.834219843395,0.846100202589
0.37216547255,0.0513972282907
0.60806980338,0.215410354302
-0.444210059182,-0.237642728982
-0.784441497025,0.702008931695
0.71820055562,-0.530976531307
-0.330904632278,0.172824659805
0.988362802682,0.253698523649
0.665713464969,-0.181658000947
-0.602347473665,0.00436223836246
-0.656111676692,-0.120164849299
0.382211831277,-0.0798285829523
0.34859235177,0.344744890018
0.149878994061,0.470889059814
-0.481747153435,0.369108404961
-0.682814384288,-0.36402342954
0.833668086589,-1.11771441153
-0.377327948225,0.175522387683
0.454341790966,-1.17610916513
0.699465057727,0.441444327456
