0.0017265692729,0.41687996014
0.289864142511,0.42576902788
-0.00679684559298,-0.319585663003
-0.374757548463,-0.343016912524
-0.284810313973,0.278836265214
0.259385436763,0.3432153412
-0.287827696983,0.212427795671
0.359217825987,-0.0484858693446
-0.0387914787508,0.524163500115
0.309197398361,0.395675852723
-0.408281511878,-0.313210763628
0.328740442195,-0.122519009137
0.529186221816,-0.0634120432977
0.0559842481217,0.0287259945718
0.4526570442,-0.272103599019
0.510139640601,-0.0930275505952
-0.193967329569,-0.17580252121
0.427541919936,0.295832998007
0.081265667731,-0.527992348869
0.273665205364,-0.394440800194
0.213767806311,0.356509648546
0.0679009313951,-0.240694700341
-0.0430581721523,-0.488396955704
0.274961586987,0.200005445045
-0.22558469707,0.240059223169
-0.0706896627296,-0.499937955804
0.497665612655,-0.141603892496
-0.19369650002,0.410511947005
0.267905257819,-0.466720830916
-0.0550250185048,0.342963316347
-0.198067668737,-0.482144047061
0.343847015924,0.264857961811
-0.232392448814,-0.0687727990078
-0.173037831995,-0.165208897698
0.445467284603,0.172820952811
0.303673117483,0.263391964759
0.374848944476,0.334019124865
-0.108226034491,-0.434613788851
-0.380288523811,0.0769739479809
0.0765367876623,0.501563081489
0.0618691939791,-0.0935023569414
0.298853971607,-0.0965642461485
-0.310149974962,0.354821017262
-0.132945048923,0.34376796546
-0.135649379647,0.407200574539
0.0961669820396,0.491902709887
0.275684621783,-0.287376730394
-0.223150509991,-0.207133760312
-0.479202119351,0.133607142356
-0.190836176595,-0.129865094861
0.172006907725,-0.430638547726
0.378994259389,0.207423742174
-0.288681024419,0.260165139671
0.493484081905,-0.0690722728818
0.385423160129,-0.107161349743
0.174360435555,-0.35196848113
0.138784971358,-0.0111897643644
-0.121297238261,-0.261106387957
0.294874516317,-0.189809935883
0.202875617575,0.146753052098
-0.115650995147,0.14821822356
-0.20213868298,0.465945762446
-0.341361394798,0.293328552222
-0.200539148883,-0.257548492241
0.234757154716,-0.495855364214
0.374114593916,0.392862486595
0.379266642019,0.318356702882
-0.234759284912,-0.232097014716
-0.512431603307,0.0105829329732
-0.257877425683,0.44253339059
0.361018284554,-0.044950799642
0.0966980264318,-0.103308030814
-0.238767575863,0.3250958285
-0.0983172193176,-0.391506273661
-0.0643850892067,0.418833169467
0.369261589372,-0.387404626371
-0.499894410526,-0.088566603988
-0.267063724116,-0.235828075251
-0.489269657846,0.132994027961
-0.147474466036,-0.522850639617
-0.479573452067,0.110907399535
0.163492495461,-0.487062029781
0.0692287421751,-0.493643378845
0.250826836002,-0.370004124203
-0.497415940697,0.0496505929696
0.127343117884,-0.508322271416
0.339192665166,0.398253457465
-0.125491576969,-0.384195420185
-0.437984059375,0.208606088415
0.186707807276,0.490652797152
-0.451631735097,0.0356499313018
0.0914032120408,0.445496440264
-0.00664342598666,0.477110437098
0.382149084657,-0.16816331959
-0.00420276619949,-0.526628314177
0.35269765531,0.362366300178
-0.479726863134,0.145155293663
0.187379221363,0.0678587894774
0.2080812292,-0.493003738875
-0.283971527804,0.139829235765
-0.246156204017,0.42866206357
-0.0261933920347,0.438966668867
-0.397220859745,-0.309837538925
0.35612651137,-0.214567720603
-0.374647970074,0.002197750325
-0.0791232066476,0.430336950759
0.00940029260029,-0.525829515498
-0.252749479945,0.473899123736
0.0328278698101,0.519261524663
0.109404149703,-0.385086919251
-0.456063705453,-0.189167577674
0.0800556631858,-0.544378903264
0.421201847023,0.104736371151
0.376767069614,-0.357300539197
-0.187880411575,-0.462419985426
-0.301177168412,0.381869542185
0.516224953972,-0.192474250833
-0.131630119636,0.547419388736
-0.343606825392,0.0596144411583
-0.258783131904,-0.412366486406
0.208953739289,0.307256713221
-0.410200269379,-0.0732671779836
0.186496441751,-0.0574346618208
-0.205201226826,-0.297497484473
0.0504089425767,-0.167310532469
-0.467851178286,-0.241268586362
-0.381407637426,0.364454286655
-0.18437265512,-0.470976258142
0.396064549651,-0.250836369954
-0.389283616145,0.340161321513
0.228397740708,0.0623056792445
-0.500316104596,-0.0323470421619
-0.355489955318,-0.323651520409
0.458956247055,0.140097826099
-0.0362689337256,-0.312594241333
0.124812813758,-0.168317876161
0.263268017752,0.147659133929
0.250025804424,0.372407148991
0.222992255947,-0.386995378911
0.118709688265,0.164755475838
-0.183773470121,0.45849577599
-0.500939556603,0.0652861704979
0.242380489832,0.256657195921
-0.371887466398,-0.320413533985
0.389208071184,-0.133709087243
-0.26172281043,-0.284744883256
0.493905133917,-0.181097237533
-0.495325845119,-0.0183534763425
-0.294340157108,0.444976213848
-0.427393494889,0.276566240931
-0.392287414319,-0.326889525925
0.434883671871,0.257182130665
0.32596950886,-0.382001661857
0.525621618115,-0.14871334518
0.20812266955,0.354342254218
-0.514898494741,0.152492593396
-0.174508779271,0.505928971518
-0.42808244535,0.0165642868287
0.477283104166,-0.183893618411
-0.545402336225,-0.0813188239129
0.0141946178369,0.308449803347
0.0663581594419,-0.538587990157
0.468317117638,0.138888089015
-0.423691079841,0.0664415134459
0.0392892149133,-0.10412637115
-0.117953434157,-0.188460117616
0.306382126212,-0.0255084445982
-0.304267098256,-0.376704746677
0.358381751015,0.404270055026
0.191445404426,0.46602648962
0.0665344689232,-0.450317487895
0.000111320203133,0.349298483497
0.133537539417,-0.532059672702
0.0360410612379,-0.123007856139
-0.238248788636,-0.334296467226
0.481432147626,-0.0305427553647
-0.237112024234,0.165018219881
0.194543551409,0.484761766118
0.367880552531,0.342992467393
0.459738467823,-0.227381383591
0.0328370152171,0.517754572952
-0.470730488181,-0.231863980909
0.220863248502,0.0826602752521
-0.129513157934,0.0292762255866
0.324229656793,0.434558953517
-0.499613475974,0.223144851096
-0.0800170852613,0.277348481268
-0.458302768289,-0.254101164961
-0.272850705298,-0.0451961136428
-0.346674336167,0.29089691322
0.475192234017,-0.239239889801
-0.169992013759,0.0763038686436
0.573036019651,-0.0766099136472
0.516446866173,0.237178070798
-0.556983367073,0.012914078355
0.0850341786375,0.499571129305
-0.293390668018,-0.419997919685
-0.261951345195,-0.417947972123
0.499669211941,0.108339554383
-0.203517810271,0.173696125338
0.485934543149,-0.266996184557
-0.467781141623,0.161419417492
-0.0620688097139,-0.148838213006
-0.345396326312,-0.325110921489
-0.349851780358,0.0454942498047
-0.307689660399,-0.0553334424713
0.118420989374,-0.505272341702
-0.0426898205786,-0.479104741124
-0.540866565875,0.128008410787
-0.476245808491,0.16334360552
-0.279503039195,0.182317547604
0.503276700627,-0.12555004692
-0.356986208988,-0.281940718638
0.0146000082742,0.44353960368
-0.354924585911,-0.421980681975
-0.532955704935,-0.13187278056
0.258593279209,0.113811817285
-0.265187592373,0.210118436539
-0.524487221408,0.112892096117
0.460815617171,0.248819632807
0.305657872596,0.185971183255
-0.251685185994,-0.435678565404
0.300983511349,-0.391063813911
-0.0500580022888,-0.552352496491
0.158965635996,-0.504246987752
0.104118672165,0.425458600797
0.00909785755909,0.495918016676
-0.0912254721267,0.168783100942
0.224548037466,-0.0507265281557
0.0675226952781,0.253033606701
0.245764303289,0.374163339095
-0.146939213153,-0.426247729099
-0.438666301101,-0.188581861792
0.294008552198,0.336803757899
0.37123389304,-0.147466627963
0.194711544262,-0.318211995119
-0.447660308543,0.297277661605
0.0279480915421,0.0659282896348
0.32413444431,-0.321376704553
0.558040757945,0.0282692182963
-0.0895079464553,0.466965935959
-0.228138260463,0.456092722317
-0.495959543934,-0.187557420697
0.471555766221,0.268050945654
-0.557853297939,-0.0331315065729
0.540508987963,0.136942128577
-0.200973282898,0.483161568672
0.228236575558,0.296081468363
-0.132375971176,0.11279645934
-0.041880754679,0.320074475844
-0.340615735637,0.316029586551
-0.42765897761,0.148663236083
-0.295608093491,-0.3831113615
-0.308270902299,-0.193815209645
-0.334238118403,0.302138979386
0.128460688881,0.497484130293
-0.490446876297,-0.121822360742
-0.438453104034,0.108342598377
0.338170994152,0.208294580597
-0.344899632631,0.368046184298
-0.236417656719,-0.499358677536
0.00569018483741,-0.265047078201
0.308839209197,0.371745347432
0.423622278905,-0.100960929762
-0.099642085572,0.515989597579
-0.383235659363,0.299354306115
-0.546195452567,0.0618508745352
0.191637919161,-0.5180923149
-0.377806610302,0.181719189024
0.116627096919,-0.498810887034
-0.213909486884,0.440714039738
0.287528104485,0.0573770382546
-0.0531134660543,-0.236758572652
0.41819580311,0.307220737851
-0.304437194432,-0.409327429784
0.386475605309,-0.412076753124
-0.226373333812,-0.264710786586
-0.407789241954,-0.35171432054
-0.444940227844,-0.0753110476292
0.0196985248086,-0.0112582505136
0.346427065803,0.0553566697391
0.502877619699,0.0454118223936
-0.322592870424,0.469284148238
-0.552707616662,0.0827547024954
-0.395071483146,0.0342002753834
0.423626017523,0.33827014314
-0.109077883596,0.207751232253
0.457460109749,-0.33205189468
-0.407828811721,0.307156470277
0.409144343841,0.319765384055
0.556315715923,-0.12713499638
0.301369204045,-0.483992766041
0.366282166904,0.432377945007
-0.105388873381,0.384646251786
-0.50641945917,0.217364877976
-0.00664225224661,0.527353885097
0.0826421180565,0.0518659997427
-0.347395207574,0.332705741422
0.0183156041086,-0.549869847971
0.428983339394,0.321541535747
0.292612779013,-0.00650961193051
-0.00571238467949,-0.3582280822
-0.102911918346,-0.231609471525
0.159772045875,-0.313044223052
-0.508264166899,-0.156786150986
0.457672816171,-0.0724983584033
-0.131977258995,-0.534136244509
-0.188778273691,-0.506399588547
0.485540081628,-0.203581541953
0.382309991402,0.371115843621
-0.0691882305339,0.0976584164254
0.0851528047403,0.539191726361
0.345428393228,0.290158106512
-0.213442601821,0.260309759808
0.542943963259,-0.245021264309
-0.152433981525,-0.47765068765
-0.119505913485,0.488520096114
0.0237377013941,0.564925098663
0.417459787368,-0.304341838893
-0.400520943655,0.260202203696
-0.42661908724,0.309586062965
-0.41353465095,0.0598396661036
-0.317685726105,-0.262832251943
-0.490417037276,-0.246269810151
-0.00596452038414,-0.50117288304
0.435904669093,0.320506774877
0.186061512752,0.138450834454
-0.139249412078,0.529061785521
-0.233665801141,0.283969002567
0.443714269154,-0.356655896164
0.21323118963,0.512440293761
0.317831339236,0.417296067757
0.509001870207,-0.176235492511
-0.218224022092,0.499890102927
-0.386658940079,0.276888747524
-0.319354126671,-0.230850366371
0.103988171068,-0.132417979669
0.431929126616,-0.398553186691
0.27665123213,0.444800916528
-0.571842123359,-0.048746911128
0.117337702507,-0.492026221608
-0.168559900966,0.330868405719
-0.242438727654,0.10946730949
0.280034390478,-0.517789605541
0.358119464071,-0.185243093899
-0.178764219764,0.0626421115401
0.400917042241,-0.18097306614
-0.16791005989,0.0153190290283
0.331990854343,0.201808515888
0.212488728138,0.0391139670826
-0.0139295585479,0.356996145425
-0.350345222984,-0.446783676997
-0.470160275965,-0.177758631444
0.362130268607,0.0782985265354
-0.00515775711891,0.174352809287
-0.400601333092,-0.289445228017
-0.343319567733,-0.40774827439
-0.554746710858,-0.00543753111962
-0.219487987979,0.131020256825
-0.248338379193,0.425224090528
0.554041239627,0.0485695082313
-0.132584300736,0.473342718311
-0.357756967539,-0.427787418198
0.0601821680773,0.410837338681
0.288708472153,-0.41366980596
-0.030747278049,0.496414894494
0.0332689626563,-0.577135046637
0.447647471556,0.168035835755
0.475962121483,0.233232831885
0.121978115358,0.489743478987
-0.386140672053,0.258379150714
-0.220308768261,-0.493722141916
0.0600807755078,0.450739466244
-0.170631369504,0.0984222521139
-0.242729363612,0.0774784150905
-0.406563146702,0.369318877435
-0.421200292384,-0.30956833451
0.231062667383,-0.239135450915
0.0706971718298,0.558348802968
0.151605375617,-0.237998180966
-0.341263169451,-0.46888685953
0.129110468293,0.469979339286
-0.447319539725,-0.304350533535
0.00301256513668,-0.52616368376
0.358580020533,0.321866012371
0.460663209744,-0.0392116752949
0.109002612535,0.374084582231
-0.09252732651,-0.415429749083
-0.457904961927,-0.0138366356987
-0.242426850624,0.223617502618
0.0687885539621,0.425874120833
-0.253104195772,-0.368336506997
0.576341201263,-0.0177258370182
-0.18605087444,0.24592738445
-0.0488494030978,-0.552792034115
-0.420310095617,-0.0425009708053
0.0562584322295,-0.00348087693536
0.204328762437,-0.521566086727
0.429156699103,0.284676782169
-0.336743395844,0.275034388467
0.5187030079,-0.233511306228
0.158986417388,0.467062103133
0.404434280452,0.0975740053448
-0.0688692462875,0.496766847348
0.53986489363,-0.0113382047266
-0.0229295979875,-0.0435010565371
-0.367339398918,-0.0381958702978
-0.559490119964,-0.0869399146875
-0.00613829308705,-0.303665090198
-0.425227814835,0.354577898978
-0.362661981822,-0.228645436287
0.593133671455,-0.0996488935468
-0.326643628355,0.015495749939
-0.318407605128,0.35112553114
0.536082560289,-0.0979611345649
0.438800923792,-0.315121076055
0.543873554107,0.0666322898327
-0.208271012764,-0.38738181572
-0.0151966579638,0.423056873145
0.0149684689155,-0.0417700111068
0.496975505648,0.017501051569
-0.247891535678,-0.505514553341
-0.28175353765,0.459123410189
-0.217097704587,-0.337797585429
-0.407245774371,-0.0351589169754
0.410318515939,-0.402381519821
0.218441441297,-0.00933368715102
0.206103891171,0.498527847881
0.0608018264566,-0.569323049992
-0.205225903364,-0.451713659516
0.366294681651,-0.0786034911013
0.273367359553,0.332659632563
0.553142374997,-0.18287891503
-0.541453183208,0.0153164692622
0.127185531101,-0.192021889538
0.326584507406,-0.329496367094
0.165716239039,0.558886000712
0.28406926352,0.424528404385
0.215318124433,-0.467426584991
-0.0341254869668,0.539009547059
-0.291615193232,0.437585534917
0.422996863339,0.358006838518
-0.366757696065,0.290392416206
-0.435312925986,0.341587872642
0.139570534976,0.117980140628
-0.418937023394,0.108877818082
-0.486533375937,-0.175592225894
0.443921457893,0.331262191656
-0.206110092867,0.449573431206
-0.231795942811,0.526104659473
0.351597978528,-0.251312800311
-0.437667546263,-0.355212469249
-0.170136855222,0.197037433403
-0.100286227426,0.114289291183
-0.373289732379,-0.14439617355
0.341886375942,0.00645866771627
-0.493450195725,-0.0977008450157
-0.413903195313,0.290236095685
0.344504560861,0.382876056839
-0.137577391625,0.467628968197
0.313284915244,0.452240562844
0.533862378034,-0.0216400349968
0.502452936039,-0.170551296849
-0.535604071307,-0.121807187023
-0.159054034308,0.0797702265043
0.0739581837693,0.552651438705
0.381448537181,-0.288149757411
-0.00915389129379,-0.592206210724
-0.295782507772,0.3867230899
0.434532036031,0.229822176436
-0.22995705133,-0.398268355546
-0.0216147269644,-0.522908005063
0.239657910585,0.259738269443
0.27081859015,-0.345130421983
0.352791366321,0.176104695217
-0.333860460502,0.31173440715
-0.51566004045,0.191677326837
-0.165549892697,-0.295053711986
-0.179942321784,0.268446570397
0.448886033368,0.359127362568
-0.510589679038,-0.220565546257
0.553767236092,0.0879307992419
-0.0856679920416,0.165906366343
-0.557369866269,-0.194610410833
0.358419791225,0.334685830916
0.572837253904,-0.00738104457266
-0.0220514895647,-0.0802905751389
-0.495217784576,-0.253742938318
-0.52430546892,-0.0021872757226
-0.493423593701,0.00152736753309
-0.188423435946,0.371949991289
-0.558271304368,-0.169961521197
-0.163861398517,-0.395646298093
0.442817718851,-0.294312149301
0.0379876260764,0.492232903108
-0.194350490934,-0.385064630426
-0.0727712689551,-0.322324842758
-0.21689149714,0.350041899282
0.200558260624,0.516047511097
0.516681331764,-0.0195481701177
0.195141867696,-0.0348432834934
-0.186886779386,-0.273363210915
-0.280149436224,0.436416404602
0.296069852579,-0.0337794307522
0.247320293755,0.150565921081
-0.462284079467,0.110942841546
0.323486910363,0.16080464821
0.259143889271,-0.516797070767
0.0324388414597,0.291481523719
-0.397846782356,0.116718985277
-0.519830139266,-0.0473536562605
0.132211793737,0.51476033976
-0.255222288183,-0.490858678514
0.194856442928,-0.0989606992893
0.152690665121,0.0662279645143
-0.230796256706,0.357162776549
-0.339629108998,-0.245931860953
0.0987849494578,0.0340732025834
-0.21298942216,-0.423555814938
-0.302554959353,-0.407490502642
-0.0769697909027,0.260222902503
-0.0569677024477,0.546506045703
0.0944307392317,-0.439445182373
0.545720808717,-0.0426473712923
0.0471634477334,0.45598593515
0.00335420094315,0.545068090728
0.145197709563,0.562941799995
0.548442350395,0.025128315276
0.106037847832,-0.593025786629
0.314970909733,0.294272389983
-0.147339272391,0.34033643631
-0.11990352959,-0.594900812012
0.0726171309286,-0.456577582963
0.454930222853,-0.354615539415
-0.224017353326,-0.310754082734
0.541352786036,0.0546198759294
0.08845054685,-0.130265867832
-0.366485297086,-0.314963938685
0.362817933682,-0.442105922974
0.15987882635,0.297468963415
0.20288455283,0.558471480053
0.252287744357,-0.520734847809
0.36850113471,0.413444333028
-0.349339424306,-0.425231797434
-0.178586981681,-0.213864563418
0.540355469259,0.21553842077
0.330135975025,-0.378370483896
0.293912108932,-0.167345278131
-0.513451046527,0.208065524876
0.499332225719,-0.0962207264196
-0.194839216577,0.434880587011
0.0652981925548,-0.0512968175229
0.425506417135,0.374486478794
-0.125905172652,-0.497761679831
0.14352695205,-0.123568854254
0.497849622911,0.134487404839
0.16131660281,0.0560414939327
0.0688564273216,-0.528682673423
-0.0485720654565,-0.0364379793385
0.503496766881,-0.335548026064
-0.575186824532,-0.135562715297
0.346013635826,-0.214511689225
0.500206198912,-0.0043008429948
0.369793210319,0.190279572488
-0.0253278407957,0.264715011122
0.30178722687,0.302901653001
-0.144705656812,-0.551316208401
0.251259242774,-0.32339859209
0.199053946562,0.194291653131
0.163330550332,0.528993511255
0.360804190166,0.44284597283
0.058538714581,0.578660401755
-0.374972857686,0.422040099866
-0.468377093557,-0.280057435686
-0.0555037776786,0.531794808269
-0.541788999851,0.07971977539
-0.372161583627,-0.389595982648
-0.446109232254,-0.344012053725
-0.22740462373,-0.159863362472
0.0326937164229,-0.474036375018
-0.112208807613,-0.456413534
-0.161664863858,0.543060958151
0.277240233942,-0.49013342459
0.557682056659,-0.0704453492785
0.447805663493,0.275111044018
-0.0489649868096,0.229362811734
0.388273485855,-0.458143256366
0.429872016831,0.165187425565
-0.192301555884,0.528742119364
-0.31220760945,-0.483746960144
0.438450729796,-0.0880820445056
0.0866516047051,0.508236848978
0.133748170545,-0.589144503057
0.406791804042,0.403674777444
-0.576875428205,-0.121907010762
-0.235848201862,0.415523576614
-0.260775399215,-0.326562400899
-0.515644233157,0.135330073732
0.0246848144252,-0.59103744268
0.305348152703,0.361633165233
0.526573226494,0.182759239746
-0.292440024752,-0.358246895936
-0.226573237999,0.328365970318
-0.541727158953,-0.196717518813
-0.153503324791,0.513672592207
-0.56591028588,0.133652990535
0.430789927512,-0.203673949437
-0.420905347774,-0.184253259606
-0.0509730414302,0.254420955829
0.134839302092,-0.0860122567938
0.510179666626,-0.298126408644
0.148616983908,-0.554402533534
-0.396820542988,-0.0803040264448
-0.0250246376436,-0.356217874187
-0.466461568761,0.326279564602
0.419374961682,-0.303256994116
-0.394312668987,0.015065168512
-0.395013749558,-0.421588326937
0.227138165235,0.21397833366
0.460735882636,-0.299101321023
-0.42986711712,0.395066503435
0.150896491197,0.46968932822
0.0190395001256,-0.623969492894
0.348748482152,-0.28605569149
0.612813989411,0.088521615877
0.189624791664,-0.0460378213991
0.418513041801,-0.381072671787
-0.541349605502,0.204740215646
-0.2736733275,-0.544792878389
-0.487460462885,-0.0728588182311
-0.0185678492428,0.448800977271
0.118262259506,-0.593796838151
0.294594288847,-0.257658330996
0.123654402296,-0.507912630831
0.570342369994,-0.0847021803
0.147328914227,-0.527142303471
0.275802044581,0.0211828377849
0.596828722568,-0.174643212549
-0.394099217324,-0.389799289716
-0.207817710352,-0.539145462573
0.514187846328,-0.234429774972
0.399347858693,-0.386869411911
0.509651192454,-0.189379323245
-0.0299909457956,0.54463844465
-0.17265726086,0.521479534137
-0.0848078621497,0.407556001354
0.00379863480837,-0.451631838633
0.0820263219366,-0.515294687549
0.318309605622,-0.419923081028
0.404738029668,0.352801693624
0.542238710293,0.00542389146548
-0.276616687585,-0.293588438299
0.541853149966,0.101468287871
-0.0672745355768,0.455851179874
-0.529504312527,-0.0536672108722
0.543690694622,-0.284433298371
-0.57779088018,0.121922825702
-0.613359855214,0.0981159357414
-0.471621001512,-0.147809956758
-0.309560901023,0.0883277484624
-0.460450130884,0.364692573979
-0.0481904332636,-0.345806020622
0.221562286647,-0.0782093311335
-0.0795834057056,0.348995324887
-0.129753378571,0.136032792654
0.34750930307,0.441988632593
0.633288961042,0.064454831426
-0.536451476573,-0.13729929579
-0.08512993756,0.583347143776
-0.0954582483969,-0.307988250306
0.488373375492,-0.113272089392
-0.326162751922,-0.452284430092
-0.169264905928,-0.583208275099
0.544999209003,0.220433470493
0.00376250569502,0.28785841872
-0.249193791312,0.523723638172
-0.302378435934,0.183390575887
0.506101950612,-0.177345841006
-0.557383843092,-0.233793843808
-0.0737580440246,-0.603114655965
-0.12939521206,0.28894841709
0.412802887979,0.164382289826
0.594977039286,-0.0342694294423
-0.175520803442,0.379377339572
-0.12183519842,0.465740291739
-0.562882178374,-0.0702879791588
-0.489864653823,0.177820796923
-0.576640974345,0.0811812428575
0.560888463236,0.20420830962
0.0659129355334,0.112607075961
-0.053544743626,-0.452994284237
0.444537245066,-0.362529436971
-0.182361442857,0.237851041524
0.019795385273,0.589299601115
0.463218039235,0.197505075976
-0.0675847335657,0.615437463247
0.385924627497,-0.463568345201
-0.0964457365047,-0.589303521749
0.272496784907,0.548077626766
-0.332839302079,-0.322758951931
0.319216462367,-0.418010978345
-0.0291235221216,-0.00517877135029
0.581902497438,0.180435912078
-0.0690965577792,0.41077373539
0.134801482516,-0.487572988639
0.0389996915852,-0.431562828916
0.0591577751497,0.579896729214
0.304887381049,0.292337981276
0.080885421702,0.578531114729
0.480850395814,-0.333174429012
-0.226678729617,0.0672277716447
-0.641920085762,-0.00656870086215
-0.42538792589,-0.181790328962
-0.0952946188559,-0.377821029043
0.513936031625,0.253228367139
0.424055534954,0.0631626622041
0.163595127486,0.367559294802
0.179679602201,-0.158098746434
-0.00239243685955,0.505505040589
-0.511915354063,-0.143947315106
-0.585306837868,-0.175470180889
0.202550728433,0.537186610166
0.158734415004,-0.269620089028
-0.188312465089,-0.598751636501
0.440172754963,-0.45524873875
0.148919040518,-0.301763641458
0.311067275304,0.450354279201
0.245752414806,-0.178524894935
-0.250329438364,-0.495068080518
0.0782010537746,-0.387252888621
0.174215777242,-0.475026480343
0.253845711184,-0.548548775083
0.56109032562,-0.137745270475
-0.177159227424,-0.424934183452
0.581736473572,-0.135811719454
-0.273705638168,-0.407439593524
-0.0725747829081,-0.11595092706
-0.193194971015,-0.514800562473
-0.358882448908,0.252624143752
0.0772079703175,0.553587552129
-0.17794112477,-0.265775048262
-0.101708692985,-0.581231134033
0.215988769296,0.167450581177
0.250771772862,-0.505096401891
-0.172222100924,0.153561577413
0.104642330472,0.388913251311
0.352168764464,0.384175279637
-0.528141055207,-0.256443572911
-0.366554044443,-0.391413092702
0.605950029968,0.111626009285
0.56468032821,-0.174352303936
-0.309398422147,-0.527567212389
-0.450362821915,-0.387676711254
-0.0960579480793,0.576884106583
0.045602026983,0.561828746704
-0.0473829678752,-0.41165176462
0.492701704971,-0.258265384674
-0.278529942253,-0.215579211468
0.519162364894,-0.286691434964
0.0654206253595,-0.575538399572
0.314153784819,-0.236522137529
-0.415023053359,0.455736476022
0.475798148862,-0.013671941202
0.476348670169,0.193590855013
0.492795889949,-0.229892345505
0.549761713673,-0.119614176403
0.183549005659,0.532474653203
0.436279125046,-0.410054215573
-0.589032844737,-0.1759963233
-0.106984377354,-0.631116368873
-0.622234964883,-0.0859548988709
0.0138073682622,0.615251784769
-0.508081264796,-0.337220827067
-0.338485479075,-0.0893250385533
0.198692562423,0.329563393118
-0.372163368966,0.443284245359
-0.506390203666,0.0927845001771
0.577655920961,0.257880896369
0.638544938043,-0.0638628568222
0.0301008385102,0.181825569633
-0.456213793035,-0.140344874474
-0.159765530033,0.188232114031
-0.0923429853011,-0.623214554597
-0.578192395785,0.0255042339816
0.268640367,-0.286657648024
0.00982957509654,0.648307619104
-0.0980694278194,0.622366175872
0.50479013834,-0.323501323197
0.518625994281,0.0819738394051
-0.490395640326,0.331633395007
0.572504776137,-0.0830536312293
-0.154034752291,-0.63960357381
-0.576010437541,0.282962158779
0.425610114126,0.103986617154
-0.621512020685,-0.074208206949
0.385388930398,0.133999893593
-0.480237711829,-0.177087955784
0.201997948324,-0.444658407215
-0.364432333361,0.423567121654
-0.631554371819,-0.0611229473372
-0.142561347486,-0.604362180164
-0.639609024479,-0.173169513874
-0.41989371364,-0.476393662378
-0.436621687683,-0.417774845411
-0.0280893273552,-0.274961789354
0.0373163933633,-0.608467528724
-0.302832320186,0.399448674489
0.457904639223,0.319932676188
0.323723928594,0.525813198565
0.0963433603537,0.176790979816
-0.55682208549,0.0857110629356
0.353838152452,0.43736623264
-0.150181867022,-0.36687946095
-0.556671087149,0.164819554635
0.236541863922,-0.416668163949
-0.140717127258,0.625126428247
0.515005288221,-0.426053505297
0.443021506494,0.470483370981
-0.0275127018118,0.0924244288845
0.553316644309,0.00652666777168
0.282319423671,-0.00552200349472
-0.401241442959,0.455300533414
0.210600473989,-0.554622120799
0.179281970563,-0.533672272544
0.573015765588,0.237054889358
-0.611443514636,0.234636738257
-0.304474734743,-0.054933364129
0.250890995014,-0.417817507208
-0.285176990369,-0.547803993867
-0.0964042669166,-0.504347575634
-0.338230912944,0.451355867923
-0.536126467958,-0.0398363314102
0.552085560214,0.327121846024
-0.292474776496,0.557080318642
0.30670013983,-0.355003274901
0.18895210046,0.567181107527
-0.275188484715,0.219136202106
0.175233501499,-0.360681934053
0.424041359797,0.283059657544
-0.00454924552723,0.63286494505
-0.189397873075,-0.194867846828
-0.206937086542,-0.250335672039
-0.57737989765,-0.135436218734
0.0281284813493,-0.0674714625759
-0.19775286914,0.52933754617
-0.210265691854,0.172101984402
0.356972571978,-0.303933816414
0.0251751483708,-0.544073103127
0.558053668299,0.343690310424
0.00953379064487,0.0956160428669
0.41717807922,-0.274303638134
-0.420813409533,-0.440482683267
0.131136528269,0.0984174464986
-0.0599683657126,0.195821092671
0.293104795823,0.486281886244
0.142132356502,-0.0499242882262
0.372153020218,-0.401070233048
0.0944321775639,0.533787398656
0.356101058992,-0.501516854005
-0.106613163604,-0.27831335355
-0.368560661817,-0.538294034023
0.120133889856,-0.591727775753
-0.339904870221,-0.369955047105
-0.207128519817,-0.576111338469
0.26094135337,0.280695329195
0.2249897832,-0.220749185474
-0.373500465936,0.176176356417
-0.0192282279575,-0.641952692904
-0.297832734889,-0.461809951931
-0.0626176504694,0.340036788895
-0.220080619217,0.596714579046
-0.552996531046,0.0953018095329
0.448619191741,0.23191868741
-0.192042385953,0.462247682311
-0.177569649674,-0.492642130558
0.217073023935,-0.602697562792
-0.17349915836,-0.171185825158
-0.525049972831,-0.0664364766399
-0.539191788037,-0.199151319517
-0.454233736149,0.122447282455
0.117517522927,-0.0275174976968
-0.534604959566,0.306703210629
-0.189221184453,-0.147799444516
0.379414009701,-0.311038787362
-0.381967445287,0.526235643094
0.459325358823,-0.372960236563
-0.392550441457,0.436181025211
-0.0343415310323,-0.641656721297
-0.408630626243,0.285862602604
-0.400183440417,-0.516148588365
0.404456936399,-0.128111614958
-0.637754251324,-0.0969094171013
-0.193478584292,0.603788539245
0.299251900659,0.257178930412
-0.317317756055,0.289030045828
0.257208709787,-0.354395729831
0.500862220793,0.152280204872
-0.309370387471,0.481248302813
0.0932950858665,-0.246681496942
0.63363857684,0.155749339725
-0.429533687985,-0.0754461082285
-0.631625185615,0.0343784371751
0.373932626202,-0.418354801288
-0.371109409328,-0.322814609546
-0.627400028192,0.18069783821
0.368574618234,-0.022395304779
-0.524724936596,-0.291380290878
0.569346543919,-0.064483196704
0.320317927742,-0.394576098291
-0.527753023102,0.05652243562
0.579659624172,-0.334609783913
0.0313055863287,0.449572422995
0.538912111584,0.296610524477
-0.120304470251,0.2870401756
0.648969825901,0.0168789153386
-0.441154127688,-0.123542477129
0.375974644875,0.549168385836
-0.105246596162,-0.430682175252
-0.288145069267,0.370529988151
-0.246025132828,0.432552557946
0.402148946604,-0.240298403866
-0.582778674247,0.124452396445
0.134923657041,0.610010001518
0.192608878649,0.234315048419
-0.00643477696269,0.348859872815
0.344304204193,-0.163020888103
-0.503246725632,0.429604657453
-0.507077344622,0.23164020987
-0.554928616762,0.216418209734
-0.0976856935989,-0.350021026885
0.567831053479,0.389792476913
0.0675025941346,-0.574334983581
-0.0727240207615,-0.221418862784
0.409071873314,-0.410651452956
-0.371511150401,0.504832691791
-0.460803538804,-0.318821877852
-0.318888332965,0.352469660974
0.282098337846,0.223001438403
0.269029088655,-0.2221706149
-0.373706036671,-0.560984776675
-0.452195860027,0.436895395092
-0.307141978915,0.607115113158
-0.219316623342,-0.635746871456
0.504442298045,0.0200042719627
0.491942599538,-0.0664696059598
0.176401463524,0.195472388486
0.57254283592,0.223227232691
0.178197711114,0.300831755401
0.626440787943,0.157033327298
-0.315359861122,-0.296883716685
0.644148031565,0.0519848747382
0.391841516922,-0.456276893093
0.0914012945846,-0.479072529374
0.186142843328,-0.630570531728
0.234195022018,0.418746319738
0.458562484146,0.305546387203
0.106786031889,-0.593192145697
-0.682294468689,0.0386758310827
0.00213081340914,0.267211268119
-0.355911151141,0.525304173678
-0.572789516383,-0.080761907776
-0.570316238323,0.0286080141765
-0.484993362176,0.228123926121
0.210897856402,-0.143320472676
-0.13061520065,0.579689868946
-0.37790222826,0.274879578791
0.593938930745,0.0354444529124
-0.387947050253,0.489272297955
0.219838613036,0.619646302641
0.631684352471,0.230754434578
0.0724791879914,-0.195104354437
0.425863962746,0.319125520135
-0.325034268066,-0.564707338327
0.562971748052,0.168682707571
-0.553822850571,0.0140436954924
-0.00551206401871,-0.634165826973
0.561307964037,0.337413156592
-0.363748718364,0.579063150772
-0.480021120216,-0.441313744666
0.416670288253,0.167226846515
0.496294738914,0.122347930589
-0.0435608589936,-0.522190904594
-0.120339076193,0.499647478373
0.00885211306775,-0.314191390397
0.662198182549,-0.0566496541792
-0.0987520538961,-0.638639739959
-0.500103407532,0.0734031213363
-0.116859705703,-0.584459028788
-0.673198893444,-0.0111031186431
0.13423666485,0.265193886875
0.152501291234,0.667532783897
0.233175486607,-0.614567180215
-0.248316702228,-0.546723229765
-0.229974631899,-0.0315827879853
0.403585045887,-0.198581402684
-0.185158463784,0.639911246144
-0.478180972504,0.275899964754
0.649448032205,0.0252885922888
-0.0913836714803,0.635146341851
0.481020423066,0.488821530013
