-0.708910889214,0.0678008185185
0.286285536962,1.14434041944
-0.514757921917,-0.417191255575
-0.802333252692,-0.41330209667
-1.22959290903,0.788125985105
-0.770559587437,0.0427955610393
-1.22411036596,0.401406875748
-0.279344058387,-0.685095569094
0.43682748047,1.43699931955
0.601157320799,0.841836390088
-0.477463109239,0.397715272864
0.0111174218317,-0.368779827709
1.39466395277,-0.456149770396
-0.800498457103,0.749867299977
1.08148745318,-0.457962035277
1.38507817523,0.431410035131
-0.888545807354,0.135588173131
1.15079629783,0.861095008352
0.924591106085,-0.701843982759
0.0979282142377,-1.15696183737
-0.396862503644,0.242043264454
0.0616955537109,0.0180246877128
-0.229871829161,-1.42691526285
-0.197612132016,0.577370272181
0.359252167517,0.413860729911
-0.0862360153741,-1.33020517202
0.902864361094,-0.686469699946
-0.766334148338,-0.577799542108
1.2130424928,0.243557897434
-0.533754547637,-0.115161958853
