0000111001010001
0010110001000101
0001111001000001
0011110001000001
0001110001010001
0111111000000000
0100111000010001
0010111001000001
0001110011000001
0001111000010001
0010111000010001
0000111000010101
0001111001010000
0000111000010011
0101111000000001
0100111001000001
0101110001000001
0001110001000101
0000111000110001
0000111001000011
0001110001100001
0000111000011001
0011111000000001
0001110101000001
0001111001100000
0000111001100001
0001110001000011
0000110001010011
0000111001000101
0110111000000001
0001011001010001
0101110010000001
0000110101010001
0000111111000000
0000111101000001
0010110001010001
0000000000111111
0100111000001001
0000111100010001
0000110001010101
0001111000110000
0000111001001001
0100110001010001
0001110001010100
0000111011000001
0001110001110000
0000000111111000
0000110000010111
0100111010000001
0000011000011101
0000011000010111
0101111001000000
0100111100000001
0000110001110001
0101110000010001
0010111000000011
0001111001000010
0000111000010110
1111110000000000
0001111000000011
0000111000001101
0000111001110000
0001111010000001
0001110001010010
0001110000010011
0010111000000101
0000111000011100
0011111100000000
0000111001010100
0011110000010001
0000011001010101
0111110000000001
0001111011000000
0100111000100001
0101111000010000
0001111000100001
0000011001010011
0000111000000111
0110110000010001
0001111001000100
0110110001000001
0000111000110100
0011111001000000
0001110011010000
0001110000110001
0010110001000011
0000111010010001
0000111000001011
1001110001100000
0001111000000101
0001111000001001
0100111001010000
0000110101000011
0010011001010001
0001111000010100
1001011001100000
0100110101000001
0010111000001001
0101110100000001
0101110001010000
0000110001000111
0001111100000001
0100111000110000
0000111001010010
0001110100010001
0001110000010101
0010110101000001
0010011000010011
0010110000010011
0000011000011110
0101110011000000
0000110100010011
0100111000000011
0100110000010011
0010011000010101
0001111110000000
0010111000100001
0000110001011001
0100011001010001
0101110000000011
0010110011000001
0001110001000110
0001110001100010
0011110001000100
1000111000010001
0001111001001000
0001110000100011
0001111000010010
0000011101010001
0010111010000001
0001101001010001
0011011001000001
0000011001110001
0001011001110000
1000111000110000
0001011001000011
0001110001001001
0000110001010110
0011110001010000
0101011001000001
0010110001100001
0100111000000101
0000111000100101
0100110011000001
0000110011010001
0000111000100011
0000110111000001
0001011001010100
0000110000110011
0000011000011011
0100110001000011
0010111001010000
0000111000110010
0011011000000011
0011111000010000
0100110100010001
0010110000010101
1001111000100000
0101111010000000
0110011000010001
1001110001000001
0010101010101000
0000001111110000
0001011001000101
0000011000110011
0001110101010000
0000111100000011
0001011000010101
1000111001000001
0010111100000001
0000011000001111
0101011000010001
1000111000100001
0000011000110101
0000011001010110
0001011001100001
0010111000110000
0001111101000000
0000111110000001
0000011001011001
0011110000000011
0100111000010100
0001011101000001
0101101001000001
0001110001100100
0001110000010110
0011110011000000
1001111001000000
0010111000010100
0011110010000001
0001110110000001
0010011001001001
1000000000011111
0000110101000101
0001011000010011
0001010001010110
0100111000011000
0001011001010010
0100011000010101
0011110000000101
0001010101010001
0000011000110110
0000110000011101
0110011001000001
0000011111100000
0001011001100100
0000011001000111
0001111000011000
0000110000011011
0011110000100001
0011011000010001
0001101011000001
0010111000010010
0100110001100001
0000111001011000
0101010101010000
0010011000110001
0001011011000001
0000110001100101
0001110010010001
0101110000100001
0010011000011001
0001111010010000
0000000011111100
0000111011010000
1001111000000001
0000111101010000
0100101001010001
0010011000000111
1100000000001111
0000111010001001
0001011000110001
0101111000100000
0000110001001011
0000110100010101
0000111100001001
0000101000011101
0001111000100100
1000111001100000
0000011100010011
0000111100000101
0010110000110001
0110111000010000
0100110000010101
0001111000100010
0000110101001001
0010011000010110
0001110011100000
0001110000110100
0000110000110101
0010011001000011
0001111000000110
0101101011000000
0110110010000001
0010110100000011
0111110001000000
0001110111000000
1001110000100001
0100110000110001
0100011100010001
0001001101101000
0000011100010101
0100011000010011
0010101001010001
1001011000110000
0100011000011001
0001011100010001
0100011000110001
1000011000110001
0001011000010110
0100110001010010
0001110000110010
0010110100010001
0000111000001110
0001110100000011
0010011001000101
0000010101010011
0010110001010010
0000111000011010
0001010001010011
0000000001111110
0000111001000110
0000011101000011
0010110001001001
0101110000001001
0001011001001001
0001101001110000
0101110101000000
0001011000110100
0000110001100011
0101010001010001
0011110001100000
0001110001011000
0101101000010001
0000111010000101
0000111000111000
0100110000011001
0011110100000001
0000111010000011
0101011001010000
1000110001100001
0001011001100010
0000011001001101
0101100011000001
0100110010010001
0110110000000011
0101101001010000
1001001001110000
0010110000000111
0100111000010010
0010110000011001
0100011101000001
0001110000011001
0000101001010101
1001111000010000
0001011001000110
1001010001100010
1011111000000000
0100110100000011
1000011000110100
0000110000110110
0000011011010001
1001010001100100
0010011000001101
0001110101000010
0001010001010101
0000010101010101
0100111100010000
0101110001100000
0000110100001011
0011010011000001
0001111100010000
0000110011001001
0100110001001001
0000111000101001
0000010001010111
0101111100000000
0011110001000010
0011110000001001
0101010101000001
0001010001110001
0000110000011110
0100110001000101
1000011001110000
0110110100000001
1001110001010000
0011101001000001
0110010000010101
0001011000011001
1001110000110000
0101101010000001
0000011100011001
0001101001010100
0100110110000001
0000011000111001
0000001000011111
0000110011000101
1000000000101111
0000010000011111
0001011000011100
0010011100010001
0001110000000111
0000111001100010
0111010001000001
0001010001100110
0100011010010001
0011111000100000
1111000000000011
0000011001001011
1001010001110000
0001010001110100
0000111100100001
0100111001100000
0001110011000100
0001011101010000
0000011001011100
1000011000001110
1000111001010000
0000011000111100
0001110001001010
0100111101000000
0000101000010111
1001011000100100
0001011010010001
0001010001110010
0000111001100100
0001111000001100
0101110001000010
0000110001110100
0000110100011001
0010101000010101
1001101001100000
0000111000100110
0010011101000001
0010011000001011
0000011001110100
1000110011000001
0000111010100001
0101011011000000
0001111010100000
0010110001010100
0000011001110010
1000110001010001
0000110001110010
1000011000100110
1001110001000010
0001011000110010
0010110010000101
0010010001010011
0011010001010001
0000110101010010
1010111000000001
1000011001010001
0101100001010001
1000011001100001
0111011000000001
0011110000110000
0000110011000011
0001011001011000
0110111001000000
0010010000010111
0000110001001101
0000110110010001
1001011000100010
0000010000110111
0010111000011000
0001010001100011
0010110010010001
0000101001010011
0110101000010001
0100111001000010
0001110001001100
0011010000110001
0111110000010000
0111101000000001
0100111011000000
0001011001101000
0010110000010110
1001100001110000
0111110010000000
0011011001010000
1011110000000001
0010111001000010
0000110000001111
0010110101010000
0000110101100001
0000011000100111
0100011011000001
1000111000000011
0001110100100001
0001110011000010
0000111100010100
0101011100000001
0001010000010111
0000111100011000
0011101000010001
1001010000100110
0100110100001001
0000110010010011
0000011001100011
0010111000000110
0001010000110110
0000111001001010
1000111000000101
0010110000001011
1001001001100100
0100111010010000
0011110000010010
0010111011000000
0010111001100000
0101011010000001
0101110000110000
0100111110000000
0011110101000000
0000111001001100
0001011011010000
0001010011010001
0011111010000000
0001110000011100
0100011001001001
0010011001100001
0001101101000001
0000110011100001
0001110010100001
0000101001110001
0101110000000101
0010110111000000
0010101000010011
0001011000100110
1110000000000111
0110010001010001
0000011101000101
0011101001010000
0010011000011100
0101010011000001
0100010101010001
0110110000001001
0001011000001110
0100110101010000
1100111000000001
0010011000110010
0001110000100110
0000111100001100
1001110000010001
0000110100000111
0001110010000101
0001010111000001
1000011000110010
0000011000101110
0001010101110000
0000010100010111
1000110000010101
0111110000100000
0001111000001010
0100011001000011
0000011111000001
0100011001000101
0010111001000100
0011111000000010
0001010101000011
0110011100000001
0011010001000101
0001011000000111
0010011010010001
0000110100110001
0101111000000010
0001101000010101
0000111011100000
0111100001000001
0001011000001101
0010111101000000
1001011001010000
1001110001000100
0001011000001011
1000011001100010
0010101000110001
0010011011000001
0000011100000111
0101110110000000
0101001001010001
0110011010000001
0011100001010001
0010010101010001
0110110000010100
1001011001000001
0010110000110010
0001011001001100
1010110001000001
0010011010000011
0001101001000011
0101010100010001
0001110000100101
1000111000100010
0001110000001011
0110011000001001
0101111000001000
0001110100000101
0101010001110000
0110011000000011
0010011111000000
0110101001000001
0000011010010101
1000110001110000
0001101001001001
1000011000010011
0100111001001000
0001010011000101
0000110101010100
0010101000011001
0001011000111000
0000111000101100
0000111010011000
0110110000000101
0001011011100000
0000011001100101
0101110100010000
0100110100100001
0100110000001011
1000110000110001
1001010011100000
1001011000100001
0011010101000001
0010110000100011
0001110010000011
0001100011010001
0100101010010001
0100011000001101
0010011100000011
0000011100001101
0001011111000000
1000111000100100
0101110010010000
0001101001010010
0000110001100110
0100101000010101
0011100011000001
0010001000011101
0000111100010010
1001110000100010
0001110101100000
0110111010000000
0010011000100011
0110110000100001
0001101001100001
0001001001110100
1000011000101100
1000011000010101
0010010001010101
0101011000001001
1000010000110110
0000011001100110
1001000001100110
0001101001000101
0000010000111101
0000101101010001
0000110100110010
0000011100001011
0000101011010001
0100101000011001
1000011000100011
0101011000000011
0100101000110001
0010111000001100
0001101000110100
0010111110000000
0001101000110001
1001011001000010
1000111000010100
0000011101001001
0000110110000011
0100011110000001
0001011100000011
0001011001001010
0001010001011100
0001010000011110
0000011100011100
1000010000011011
0000011001001110
0111110100000000
0101111000000100
0010011001010010
0000011011000011
0000011010011001
1001010001100001
0111101001000000
0001101001101000
0000010001110011
1111100000000001
1001110010000001
1001110000100100
0101011101000000
0011010001100001
0010101010010001
1000111000000110
0100111000001100
0011011000100001
0010110001110000
0000111100110000
0101011000110000
0000011110010001
0001010000110011
0100110000100011
0011010001000011
0110111000100000
0110110001010000
0001111000101000
0001011000100011
0110111100000000
0100011001100001
0100101011000001
0110010010010001
0101110100100000
0000110000100111
0100111010001000
0100011100001001
0010111010010000
0110111000001000
0010010001110001
0000111101000010
0110011000000101
0010001000010111
0001110100010010
0000011100110001
1001101000110000
0001111100000010
0100110010001001
0001100001010101
1001001000110100
1000111000001001
0000111010110000
0000110001101001
0001110000001110
0001101011010000
1001000001110100
0001100101010001
0101011000100001
0001110101000100
0101010001100001
1001001001100010
0101110000010010
1001010000110100
0101010111000000
0001100001110001
0000110010010101
1000111000010010
0011011000110000
0000101000110101
0000011101100001
0100011100000011
0001010001001110
0000001001011101
0010010000110011
0001100001010110
0001010100010011
0001001001010101
0000011111010000
0000001001010111
0001101101000010
0100101010001001
0011011000010010
0010110110000001
0001110001101000
1001011000101000
1000011001100100
0010111100010000
0001010001000111
0000110001011100
1001110011000000
1000111001000010
0101110001000100
0000111001101000
0101011001100000
0100110111000000
0010101011000001
0010011001010100
0000010111010001
0100111001000100
0011011000000101
0001101000011001
0001100001110100
0000111010010010
0000110100010110
0000110000111001
0101010010010001
0011100001000101
0001101001011000
0011101011000000
0010010100010011
0100110100000101
0011110000010100
0011011011000000
0111010000010001
0010111000100010
0000101001011001
1000011000010110
0100011001110000
0010011000110100
0010110010000011
0001110011001000
0001110000001101
0001000001111001
0001101000010011
0100110000001101
0100010100010011
1001011000010001
1000011011100000
0101011100010000
0000011100010110
0100011000011100
0011011100000001
1000011001000011
0010110000001101
0000011101010100
1001001000100110
0110110110000000
0011111000000100
0000110111010000
1101110000000001
1001011001000100
1001001011100000
0011010000010011
0010010101000011
0001101001001010
0000010101011001
0000010001110110
1000001000101110
1000110001000101
0000011000101101
1000111100000001
0010011001110000
0001101111000000
0000011011001001
0111110000000010
0101110000010100
0001011110000001
1000001000110110
0100101001001001
0001001001011001
0000010100011011
1001110010100000
1001010001000110
0101101001100000
0000110001011010
1001111000000010
0101101000110000
0100110000000111
0011110110000000
0010101000001101
0010010000011101
0000010001011101
0100011101010000
0011001001010001
0111000001100001
0100011010001001
0000101001010110
0100111000100100
0101011000000101
0100010111000001
0001010001011010
0000011011000101
0100110010000011
0001001001110001
0001110100001001
0000010001110101
1100111000010000
0101010001000011
0010011011010000
0001011101000010
0001010001111000
0000011010010011
0100110000101001
0001010101010100
0001001001011100
0000101000011110
1000011000101010
1000011000000111
0010111000100100
0000110100001101
1001111000000100
1000110000110100
0101100101000001
0100010101000011
0011010001110000
0010110000100101
0001011000100101
0000011100011010
0100000000011111
0000011000101011
0110010000010011
0101110000100010
0001100001010011
0000101100010101
1000011000100101
0100101100010001
0000011001101001
0101101101000000
0011011001100000
0011011001000010
0100111010100000
0001110000011010
0100011000000111
0001110110010000
0001011101100000
0001010001011001
1001011000000110
0100011000001011
0100010001010011
0010001001010101
0001010101010010
0000111011001000
1001010000110010
0111010101000000
0100010001010101
0001010001100101
1100111000100000
0101110010100000
0011011000001001
0001011000011010
0000111010010100
0000011010110001
1010111000010000
1000110000010011
0000111011000010
1001000000101110
1000110000000111
1000101001110000
0001111010000010
0111100011000000
0010110100000101
0010011100001001
0010011000100101
0001110010001001
0000111101001000
0000110010011001
0000001100001111
0010110100001001
0000100001010111
1000111000101000
0100110001010100
0100011001010100
0110111000000010
0011011010000001
1001100001100100
0000111101100000
1000110101000001
0101101000100001
0100110100010010
0001001101010001
1010011000010001
1000000000111110
0110010101000001
1010011000000011
0010111001001000
0001110101001000
0001010001101010
1001010001101000
0110010010010100
0010110010100001
1100011000110000
0100110001110000
0011010010000011
0001010001001011
0000100011010101
0110010100010001
0100010000010111
0011010000100011
0010101001000011
0001011000101100
1011110001000000
1000010000101110
0000010000111110
1000011000111000
0110101000001001
0001010101100001
0000111110100000
0001010000110101
0000011000111010
0001110100010100
0001101001100100
1001110000000110
0100101000010011
0010011100110000
0000101010011001
0000011001011010
0111100010000001
0110001001010001
0101101001001000
0100011111000000
0011111000001000
0010101001000101
1001110000000011
0111011100000000
0111011001000000
0110011000100001
0001010111010000
0000101001011100
0000001000110111
0011010111000000
0001010000101110
0000011011100001
0100100101010001
0010111000001010
1000110001000011
0001111100100000
0000111011000100
0000110000101011
1000111001000100
0001110010110000
0001011100001001
0000010011010101
0000010001011011
0111010100000001
0011110010100000
0010011100000101
0010011000011010
0001010101000101
0101010000010011
0100111000000110
0011010100010001
0001101011001000
0110101010000001
0110010000011001
0100001000011101
0010011110000001
0001001001010011
0000110010001011
0000010101000111
0011110000100010
1000010000011110
0011010001010010
0010101000011100
0001101000010110
0000101001000111
1010011000100001
0100011000110100
0100011000110010
0011010000010101
0010110000110100
0001010100010101
0000001000111110
1001000000110110
0011011100010000
0001110100110000
0000110010110001
0110110000110000
0100111000101000
0001011010001001
1101110001000000
0010101001001001
0000011101010010
1000011000011100
0101101000001001
0101010110000001
0101010001010010
0011011000010100
0000110011010100
0100101000011100
0010010000100111
0000111110000010
0000110110001001
1010111000100000
0101011110000000
0101010100000011
0101000101010001
0100011000010110
0001101010010001
0000010001100111
0100101001010100
0001101001100010
1001011010100000
0010101100010001
0000110001001110
0000011101110000
1000110001100010
1000011000011001
0100001100110010
0010101000010110
0001011100000101
0000110000111010
0111100000010001
0100101001010010
0010100001010011
0001101011100000
0001010011100001
0000010100011101
0000010001011110
1001100011100000
0100110000010110
0010011000001110
0101010000110001
0100110011010000
0010100000010111
1010110000100001
0110011001010000
0010000000110111
0001001001010110
0000111101000100
1100110001000001
0100111000100010
0001101000011100
0000001111101000
0011110000000110
0001101100010001
0001011100010010
0101001011000001
0010001000011110
0001001000110110
0101110000011000
0011100001110000
0010011000100110
0001001000011110
0000101000110110
0100011010000011
0010110100100001
0010010000011011
0010101001010010
0010010000110110
1001010001010100
0111010010000001
0100011100011000
0000101000011011
0101110001001000
0010010100010101
1000101000110001
0010010001101001
0001011100010100
0000111100000110
0110110000010010
0010101001010100
0100111100100000
0010110010001001
0001011100100001
0100111100001000
0100101101000001
0100011100100001
0011101001000010
0000011100100011
0111011000010000
0110100001010001
0001111100000100
0001110000111000
0001011011000010
0000010111110000
1001110000010100
1001010000101100
1000110000100110
1000010001100110
0101101100000001
0101011001000010
0001010001101100
0000110100100101
0000010011010011
0000001100011101
1000011001101000
0110010011000001
0101011000010100
0010010001000111
0001110010010010
0000101000001111
0000011011010010
0100011001010010
0010011010001001
0010010111000001
0001101101010000
1001100001100010
1001010001010001
0111101000010000
0100110010000101
0100010011010001
0010001001010011
1001001000101100
0000111110010000
1011010001100000
1000011001000110
0100011100000101
0111000111000000
0101110100000010
0001110010010100
0001110000101001
0001010011110000
0001000001110110
0000110110000101
0100110000110100
0001100001110010
0011010000110010
0000011011110000
1001001001101000
1000101001010001
0011011101000000
0000101001110100
1001001000110010
0110011000010100
0000111000101010
0000001101010101
1010011001000001
0010010011010001
0001011000101001
0001001001110010
0000110100100011
1101110000100000
1100011000010001
1001110000010010
1000011000101001
0100110000100101
0010110100010010
0000111010001100
0000110000111100
0000010111000011
1001110100000001
0100101001100001
0001001001100110
0000110101110000
0000101000110011
0101100011010000
0011011000100010
0011010100000011
0000100101010101
1000110000110010
0001010000011101
1011110000100000
1000110001100100
0101010001000101
0100011000100011
0000011100001110
1000111010100000
0110111000000100
0100110010100001
0100010100010101
0010010001011001
0111001001000001
0011110100010000
0010101000000111
0001001000011101
0000101001001101
0000011010011100
1000111010000001
0111100001010000
0110101001010000
0100010000011011
0001001001101100
1010011000110000
0101001101000001
0100110101000010
0100101001000011
0001010011000011
1010110000010001
0100011000101001
0010001000001111
0001110000101010
1100011000100001
1000110100010001
0100101000001101
0100010000011101
0001101001000110
0000111100001010
0000011001111000
1001011000010010
1000011001010010
1000001000111100
0101101010010000
0101001001010100
0010100001010101
0000010101110001
1001110001001000
1001010001010010
0100010110010001
0011101000100001
0011010001010100
0010110001000110
0111101010000000
0100000000101111
0010011000101001
0000110011010010
0000101001001011
1000110000100011
1000011100010001
1000011001010100
1000011000001011
1000010001110001
0101010000100011
0101001010010001
0011110000011000
0011101001100000
0001111010001000
0000101100010011
1000001001100110
0101100010010001
0011101010000001
0010110011000010
0010010010100011
0010010000110101
0010000000011111
0001011010110000
0001011010000011
1001001001100001
1000111000001100
0100101001110000
0011100001000011
0011100000110001
0010110000101001
0000011010001101
1000110000010110
0101011010010000
0100111000001010
0100011011010000
0000011110001001
0000010101010110
1001110000000101
1001010000101010
1001000001101100
1000111000001010
1000110010100001
0100011000111000
0010110000011100
0000110101000110
0000010011110001
1100110001010000
1011011000100000
0101100000011001
0101011000010010
0101010000010101
0010110000011010
0001110110000010
0001110000101100
1000101000110100
0101101000010100
0100101001011000
0011110100100000
0011110000100100
0000101001100101
1001000000111100
1000111000011000
1000110001010010
0000011100110100
0000011011000110
0000010101001011
0000010011100011
1101111000000000
0001101101001000
0010110011010000
0010010000001111
0001011010100001
0000110101011000
0000110100011010
1001010000110001
1001010000001110
1000101001100001
1000011100000011
0010110001100010
1010110000000011
0101010101100000
0011100001100001
0011100001010100
0010011010000101
0000110000101101
0000100101010011
1100111001000000
1000011000001101
1000010001010101
0101100100010001
0101010001100010
0100010001110001
0011011000011000
0001100001111000
1000011111000000
1000001001101001
0110011000110000
0010100010110010
1001101001010000
1001011000010100
0100101011010000
0100001100011010
0011101000000011
0001101011000010
0001010000111100
0101100011100000
0100011010100001
0011110001001000
0011100101000001
0010100101010001
0001100111000001
0001100011000011
0001011100110000
0001011010000101
0000101101000011
0111101100000000
0011110010010000
0010110001011000
0000101011001001
0000011001101100
0101010011010000
0010111010100000
0010010001100011
0001010110010001
0001001011010001
0111001001010000
0100011100010010
0011011001000100
0000011110000011
0011101000001001
0001010011010100
0000010001001111
1000011001000101
0000011010001011
0101101000000101
0000001001110011
0100110001011000
0001001000010111
0000011010000111
1000011001001001
0111010011000000
0110000000001111
0101001001001001
0100111100000010
0100010010010101
0010101101000001
0010001101010001
0000011101000110
1100110000010001
1001011000000011
1000010001110010
1000010000010111
0100001101010001
0010110101000010
0010001000110011
0001011000101010
0000011011010100
1001011101000000
0110001000010101
0101010011100000
0010011100100001
0001011101001000
1001010001001010
0110110011000000
0010101001100001
0010010001010110
0000110100011100
0000110010000111
1010000001011100
1001111000001000
1001100001100001
0001100001100110
0001100000110110
0101001001010010
0100101001000101
0010101001110000
0000001001011110
0110010000100011
0101001100010001
0100010001000111
1010011000100010
0101101010001000
0011010000010110
0001101001001100
0001100011110000
0001100000010111
0001010100010110
1000001001110100
0101011001000100
0101010001001001
0101001011010000
0100010101001001
0000011101011000
0000001111100001
1001110000101000
0100011001011000
0100001011010001
0010111100000010
0001111010000100
0000110011110000
0000101000111100
1001011001001000
0111010000000011
0101100001100001
0100011000100101
0001010100011001
0000110101001010
0000011011011000
0000001001110101
0110110101000000
0101011001001000
0101010100010010
0011001000110100
0001111100001000
0000010100011110
1001010000010110
1000011010110000
1000001001110001
0101000111000001
0010010000011110
1001010001000101
0100010101000101
0010110001100100
0000001001110110
0000000001110111
1001000001110010
0100010001011001
0001100001011100
1011101000000001
0100011000011010
0011101000000101
0010111000101000
0010010100000111
0000110000101110
1010110000000101
0101100001110000
0101001001110000
0001010011010010
0001001001001011
0000111110001000
1001100000110100
0011101000110000
0010010100001011
0010001000110101
0001011011000100
0001010111100000
0001010000111001
1010111001000000
1001011011000000
1000010001110100
0110010001000011
0001001000110101
0000001001001111
0110010000110001
0101101001000010
0010101010001001
0010101000110100
0000101010010101
0000010000111011
1000010000110011
0100011100110000
0010001000011011
0000110001111000
0000101110010001
1100110000100001
1001010000100011
1000111010010000
1000011010100001
0110010110000001
0011010001100010
0010101000001011
0010001001011001
0000010110010011
1001110000001010
0011100000010011
0011011000000110
0010100000011101
0010010010010011
0001101101100000
0001101000001101
0000100000011111
1000110000100101
1000011101000001
0101001101010000
0100110001100010
0001101000110010
0001001011100001
0001001000111100
0000010000101111
0101100111000000
0101100001000011
0100101000110100
0011110100000010
0010011010001010
0001100000110101
0001011101000100
1011011000000001
0100110000110010
0011101000010100
0011010101010000
0011010011100000
0010011010100001
0010011001000110
0000111010000110
0000011110000101
0000010100110011
1000111011000000
1000110001000110
0110101000010100
0110101000000101
0011101001000100
0010011101010000
0000100111010001
1000110011100000
0110101100000001
0010000000101111
0000110111000010
0000001010011101
1100011001000001
0110010001000101
0010010101000101
0000101100011100
0000010110010101
0110011110000000
0101011000011000
0100111100000100
0011001001110000
0010010001011100
0010001001110001
0001010000001111
1100011001010000
0111010000100001
0110101011000000
0110100101000001
0101110010000010
0101100000110001
0101010101000010
0011010110000001
1001101000100001
1000001000110101
0111110000001000
0111100000000011
0111001000010001
0110101000100001
0100001001010101
0010010110010001
0010010001001011
0000100000110111
0000011100110010
1011110010000000
1000110001010100
0101101100010000
0101011100100000
0100001001110001
0001100101000011
0000110010100101
0000011110011000
0000011100100101
1010011100000001
1000110000001110
0011001000011001
0001110100000110
0001010101001001
0001001001111000
0000111100100010
0010010010010101
0001110100100010
1000001000011110
0100101110000001
0100000000111101
0011010010010001
0001011011001000
0001010100110001
0001001001101010
1010111000000010
1001101000100100
1001011000001100
0101101000000011
0101010001010100
0101001000010101
0010101010000011
0010011001011000
0001010000011011
0000001011011001
1110111000000000
1110110000000001
1011110000010000
0110101000000011
0100011011100000
0100010101010010
0001100001011001
0000010100110101
1011011001000000
1001111100000000
1001110101000000
1000110000011001
0101101001000100
0011001001010100
0010001000110110
0000001100010111
0110110100010000
0101011100000010
0101010100000101
0100011100010100
0100010000001111
0010101000100101
0010011100010010
0001101000001011
0001010001001101
0000001000111101
1001101001000001
1001010001001100
0011010001000110
0010011001100010
0010011000111000
0010010100011001
0001100011100001
0001001001001110
0000101101000101
0000010111000101
0110010100000011
0101110000100100
0101010100100001
0100011110010000
0011010100100001
0001010000100111
1110010000000011
1000101000010110
0101110000000110
0010001001000111
1101011000100000
1001001010110000
0111100000100001
0101110010001000
0101110000101000
0101001000110001
0010010100100011
0001101000000111
0001011110010000
0000111100101000
1100111010000000
1011010001000001
1000010000111100
1000010000100111
0111100100000001
0110110001100000
0001000001010111
0000110111100000
0000110011011000
0000101000111001
1001000011110000
0110001000001101
0100000011101100
0010110000001110
0001001011110000
0000110010010110
1000000000111011
0100001000010111
0000101111000001
0000010111001001
1010110001100000
0101100101010000
0101010000001011
0100100110010001
0100010100011001
0011010001001001
0010101001011000
1000111001001000
0110100011000001
0100100111000001
0010010100110001
0001011100011000
0000110110100001
0000110100101001
0010010110000011
0001010100000111
1001001000110001
1000010001010011
0101101000010010
0101010000011001
0100101010010100
0100001001011001
0011010000000111
0011001001001001
0010010001110010
0000001101010011
1001100000100110
1001010001000011
1000111110000000
0100101101010000
0100010000110011
0011100111000000
0011011110000000
0010010011000101
0001001101001001
0000101100011001
0000010100001111
0000010011010110
0000010001111001
1010100000001011
1001010101100000
1000110100000011
0101100000010011
0100110011100000
0100100011010001
0011000001010011
0001110010011000
0001001101100010
0000110010100011
0000010101111000
0000000011111001
0110011100010000
0110001000110001
0100011010000101
0011001011000001
0010110011000100
0000101000100111
1001011000001010
0101101000011000
0100011000001110
0100010100001011
0010110010010010
0001010110000011
0001000101010011
0000011101001100
0000000001011111
1100110010001000
1001001001010100
0101110000001010
0100100001010011
0011010000011001
0001110100011000
0001001001000111
0001000101110001
0111000000001011
0110010010001001
0110010000000111
0101110100000100
0100010101100001
0010011001100100
0000100001011011
1010011000100100
1000000000110111
0110110001000010
0110001000011001
0011100001000110
0010111010000010
0010001010011001
0001010101100010
0000111010100010
0000011110001100
1010101010100000
1000111100010000
1000101000010101
0110110010010000
0000101001110010
0000011001101010
0000010101001101
0000001111010001
1100110100000001
1010101000010001
1000001000010111
0100111010000010
0011000000111001
0001010010010011
1110000000001101
1001011000000101
1001001001000101
0110011000011000
0110010110100000
0101100100100001
0101100001001001
0100110110010000
0100110100010100
0011101100000001
0010010101001001
0001110100001010
0001101000100101
0001011010010100
0001001001001101
0001000001011110
0000011100111000
0000011010101001
0000000001111101
1010010001100010
1010001000000111
1001001001010001
1000110111000000
1000001000011101
0111011010000000
0110011101000000
0110010010000101
0101001111000000
0001101100000011
0001101010001001
0001100100010101
1010110000110000
0110011000010010
0010100001110001
0001001000101110
0000101100000111
0000101010001101
0000010010010111
1010100011000001
1010011000000101
1001010000010011
1000001001110010
1000001000110011
0101010101001000
0100101000000111
0011100011010000
0011001001000011
0010010000111001
0001110110100000
0001101110000001
0001100000110011
0000101101001001
0000100001011101
1001101000100010
0110011011000000
0101010100010100
0100101011001000
0100010101010100
0100010000101011
0011101110000000
0010110011100000
0001100001100011
0000110001101010
0000010101100011
1010011000001001
1001111010000000
1000011000011010
0110010111000000
0101101110000000
0100010110000011
0011001000010101
0010011100010100
0010010011100001
0010001101000011
0010001011010001
0001110010100010
0000101001100011
0000010100101011
0111000011000001
0101100001010100
0101010010001001
0101010001001010
0100110000011010
0100010100110001
0011101000010010
0011010000111000
0010010011000011
0000110111001000
0000011100101001
1101110000010000
1010101000000011
1010011010000001
0110110100100000
0110010010000011
0100101000001011
0100001000011110
0011001111000000
0010111100000100
0010111010001000
0010011011100000
1100101000110000
1011100011000000
1010111100000000
1000011001001100
1000010001100011
0111011000100000
0011001000110001
0010110100010100
0001010100001011
0001001001100101
0000101010001011
0000001100011110
0111010001010000
0011001100010001
0001100001000111
0001011100100010
0001001101000011
0000011010010110
0000010001111100
1010011001100000
1001110000001001
1000110000101001
0110010100000101
0100110011001000
0001010101011000
0000011110010100
1010010000010011
0111010001100000
0110101110000000
0110101000011000
0101011010100000
0011101000011000
0001010111000010
0000110100001110
0000100100010111
0000011111000010
0000010110011001
1011101000100000
1010011001001000
1001101000010001
1000110101010000
0111010000110000
0101001100000011
0100110100011000
0100101100001001
0010110101100000
0010101001001100
0010011000101100
0001100111010000
0001010011001001
0000011101001010
1010010001100001
1010010000110001
1000101000110010
1000010001011001
0101100001011000
0101011000100010
0100110000011100
0011011001001000
0001011010011000
0001001100010101
0000101011010100
0000101010011100
0000100001101011
1011101000010000
1000011001001010
0110010100100001
0101100110000001
0100110011000010
0011010001100100
0011001000010110
0001010101000110
0001000111010001
0000101010110001
1000110100100001
0110010000001011
0100010011000011
0010101011010000
0010100001000111
0010011000101010
0010010001001101
0001100000011101
0001001011010100
0001001001101001
0000011110110000
0000001100011011
1101000000010101
1100001000110001
1011100000100001
1010110010000001
1001011000011000
1000110001001001
1000010000110101
1000000001111001
0110110001000100
0101010110010000
0100011001001100
0100001001010011
0010101000100011
0010010101100001
0001100011000101
0001000001111100
0000101011000011
1001000001101010
1000010000101011
0111100000001001
0110100000010011
0110010001001001
0100110100110000
0100110000100110
0000110110010010
0000101100110001
1101101001000000
1000011100100001
0111001011000000
0110001100010001
0101001001000011
0100111010000100
0100011010110000
0011100010010001
0010111100001000
0010001100011001
0001101010110000
0001100101010100
1111100010000000
1100011110000000
1011010000100001
1001010101000001
0101001000011001
0010000001010111
0001010011100010
0000101001111000
0000011011100100
0000011010110100
0111101000100000
0100100001110001
0100001100010011
0011101001001000
0011010010100001
0010011110010000
0010011001001100
0000101100001011
0000001101011001
1101110100000000
1101010101000000
1010111000000100
1001100001010001
1001011000001001
1001010000100101
1000110000001011
0110000000011101
0101110100001000
0101100001010010
0100101001001010
0100100000010111
0100011101100000
0100011010010100
0100010001100101
0100010001010110
0011010000001011
0011001101000001
0001101000111000
0001010000111010
0000101001101001
0000010011011001
0000001001011011
1000100000110110
0111011000000010
0110011001100000
0101001001100001
0100011101000010
0100010000100111
0011001001100001
0010101011100000
0001000001101110
0000000101010111
1100011001100000
1000010000001111
0101010000110010
0100110101100000
0100101000010110
0100001100011001
0010110000111000
0001100011010100
1101101100000000
1011100001100000
1010110001010000
1001011100000001
1000010101010001
1000001000101101
0111010000100010
0110110100000010
0110110000011000
0110001101000001
0011011000100100
0011010000110100
0011001001010010
0010101110000001
0001000101101001
0001000001011101
1011010000010001
1011001001100000
1010110100000001
1001011100100000
1000010001101010
0111010110000000
0110010100001001
0101010100001001
0100100101010010
0100010111010000
0100001100010101
0011100000000111
0010101100000011
0010011010010010
0010001100010101
0001011100000110
0000110011100100
1101011000000001
1010011000000110
1001100001010100
1000011010010001
0110110000100010
0110001000010011
0101000011010001
0100110001000110
0100010000110101
0010110000100110
0010010100010110
0010010000101011
0001101000100110
0001100110010001
0001100100010011
0001100000111100
0001001111000001
0000110100110100
0000100001110110
1110011000000001
1010101000100001
1000011010000011
1000001001101100
0111110000000100
0111100000110000
0110100000110001
0100010100001101
0100010001100011
0011010000101010
0011000000110011
0001010110001001
0001010010110001
0001010001101001
0000111010001010
0000011010110010
1100110000110000
1010101000110000
1000000000111101
0111100001100000
0101011000100100
0011000000101011
0010101000110010
0010100101000011
0010011101000010
0001001111010000
0000100101011001
0000010101011010
1011011000010000
1001001000101010
1000011011000001
1000000001110110
0101010000000111
0011110010000010
0011100010100001
0011100000110100
0011001001000101
0010100011010001
0010100000110011
0001001001100011
0001001000110011
0000110110011000
1110110100000000
1010010001010001
1001010010110000
1000100001110001
1000011001011000
0110100001000011
0101011010001000
0100100001010101
0100100000011101
0100010100000111
0011100001010010
0010111100100000
0010100100010011
0010011010010100
0000110011001010
0000011101100010
1001100000110010
1001100000110001
1001001001000110
1001001000111000
0100001010010101
0011010100000101
0001010100100011
0000110110010100
0000101111001000
0000010011000111
1001010010100010
1001000001110001
1000011101100000
1000010100010011
0101100000010101
0011110000001010
0010110001001010
0010101001001010
0001101000001110
0001100001101010
0001010100110010
0001010000101011
0001001101010100
0001000101010101
0000110101001100
0000101101010100
0000010101011100
1111101000000000
1000101000100110
0110100100010001
0110100000010101
0101000101001001
0101000001011001
0100101011100000
0100001111000001
0100001110010001
0011011000001010
0011000001110001
0010101010100001
0001011100001100
0000101111010000
0000100000111101
1100110000001001
1100011000000011
1010010000110010
1001100001101000
1001010000111000
1000110001001010
0111010100100000
0111010010100000
0111001010000001
0110010000010110
0101100001000101
0101011100001000
0101000101100001
0100011001100100
0100001000110101
0011100100010001
0011100011100000
0011001000010011
0010001110010001
0010001001011100
0001100101110000
0001000001110101
0000101011110000
0000010111100001
0000010001101110
1110000000001011
1000110000111000
1000101000010011
0011110000101000
0011010100001001
0011001000110010
0001011010010010
0001000000111110
0000110101100100
0000011010011010
1110000111000000
1011010000110000
1010011000010010
0110001001000011
0101010001011000
0101010000100101
0101001001000101
0101000110010001
0100100101001001
0010110001001100
0010101111000000
0010100111000001
0010010101010010
0010010011001001
0001101000100011
0000111010100100
0000101101010010
0000100111000101
1001101000010100
1000111100100000
1000100000111100
1000001000111010
0110010100010010
0101010110100000
0101010010100001
0100110100100010
0100101010011000
0100011001000110
0011010101100000
0011000101010001
0010100001011001
0010011100000110
0010011010110000
0010001111010000
0010001100010011
0001101011000100
0000101101001010
0000100001110011
0000011110100001
0000011100100110
1101010001100000
1010001000110100
1000011101010000
0100110101000100
0010110100000110
0010001001100011
0010001001010110
0010001001001101
0000110001101100
0000011111000100
0000010101110010
0000001011110001
0000001001111100
1110000000100011
1011100000000011
1001110000001100
1001001001010010
1001000011100010
1000110100001001
1000001001010101
0111010100010000
0111000001010001
0101011000001010
0100110001001010
0011100000010101
0011010100110000
0000110010110100
0000101010000111
0000010001101011
1100110010000001
1010010000010110
1001010010100001
0111010000001001
0110001011000001
0100010100100011
0011110010000100
0011011100000010
0010110101000100
0010100000110101
0010011100011000
0001011100001010
0001010011100100
0000111100100100
0000101100001101
1110010000001001
1001100001000110
1001010100010001
1000111101000000
1000101011100000
1000010001100101
0111010000010010
0111000001000011
0110101000110000
0101001011100000
0101000101010100
0100110100001010
0100110100000110
0100101010010010
0100010001100110
0100001100110001
0011101101000000
0011101010001000
0010010100001101
0010001000111100
0001010010010101
0001001011011000
0001000000111101
0000100101000111
0000011010100011
0000010010011101
0000001110011001
0000001100110101
0000001011010101
1100110101000000
1100000111100000
1001001010100100
1000110010010001
1000001000001111
0111000101000001
0110001001001001
0100001000110011
0011010000001101
0000110010101001
0000001110010011
1100010000110001
1100000000110011
1010001000100110
1001110100100000
0101110000001100
0101010010010010
0101001011001000
0100110101001000
0100101000111000
0100010011100100
0100001000111100
0011000000010111
0010101010011000
0010100001010110
0010010001100101
0001100101010010
0001100011010010
0000110011000110
0000110010011010
0000101001011010
0000011010001110
1100110001100000
1011010000100010
1000010001010110
1000010001001110
0101101010100000
0101001000010011
0100011101000100
0010010010011001
0001010101101000
0001010010011001
0000110111000100
0000010011100101
1100011000001001
1010011000010100
1001010011000001
1000101000011001
1000010011100001
0100101100100001
0100010000111001
0011100000011001
0011010101000010
0011010001011000
0010110100110000
0010101010110000
0010000101010011
0001101010010100
0001100011001001
0001100001001110
0001010100110100
0000110010001101
0000101001001110
0000010101110100
0000001101110001
1111010000000001
1110010000010001
1100110110000000
1100110000000011
1010101001100000
0110011001000010
0101000101010010
0100011000101100
0100010010011001
0011101010010000
0011011010000010
0011011000101000
0011011000001100
0010110010010100
0010010010000111
0001100101100001
1110001000000011
1100011010000001
1001101001000100
1001011010000001
1001001000001110
0111011000001000
0110110100001000
0110101010001000
0110011000001100
0100011001100010
0011010010000101
0010111010000100
0010110110010000
0010010101010100
0001100000011110
0001000001110011
0000010111010010
0000001001111001
1110000000010101
1101010001000001
1100101000100001
1010111010000000
1010100001100001
1000110000001101
1000101001100010
1000011010100100
1000010001111000
0111000000011001
0110001010010001
0110000000011011
0101001010010010
0101000101000011
0100011010011000
0011010100010010
0010011010011000
0001110010100100
0001101000101010
0001100101000101
0000101010010011
0000100001110101
0000011111001000
0000001010010111
1100101000010001
1000110000101100
1000101001010010
0110010001100001
0110010001010010
0110001000001011
0101001010010100
0101001000110100
0101001000110010
0100100100010101
0100011011001000
0100011001001010
0100010010010011
0011100011000100
0011001000011100
0010100000011110
0001100001100101
0000111010101000
0000010100100111
0000001101000111
1010110000100010
1010010000000111
1000101001100100
1000001001100011
1000001001011001
0111001000000011
0110100110000001
0110100000100011
0100110010010100
0100010011001001
0011100100000011
0011100000100011
0011011010100000
0011010011010000
0011000110000101
0010101000001110
0010100100010101
0010001001110100
0010001000100111
0001010011011000
0001001101001010
1010001000110001
1001010100100001
0100101110010000
0100101010000011
0100100101000011
0100001000011011
0010110010110000
0010101010010100
0001101100001001
0001001101010010
0000011011100010
0000010110001011
1111011000000000
1100011000000101
1010001001010001
1000010000111010
1000001011110000
0111010001000010
0110100000001011
0101100011001000
0101010010000011
0001101110010000
0001101100000101
0000001111000011
1101100001100000
1001010000010101
1000110100000101
1000110001101000
0110101101000000
0110100001001001
0110001100001001
0101011000000110
0101000001100011
0100101000101001
0100011100001100
0010001010010011
0001110100100100
0001001011101000
0001000001101011
0000010011111000
0000010011110100
0000000101011101
1111010001000000
1100011100000001
1100011000100010
1001100000011001
1001010010100100
0111000000100011
0110001001000101
0101010100110000
0101000001110001
0100101111000000
0100101100000011
0100101010000101
0100101000100101
0100100100010011
0011011010010000
0011010000100101
0010110100001010
0010100000110110
0010001000111001
0001101000101100
0001100101001001
0001100000111001
0001011010100010
0001010110100001
0001001101110000
0001001100010011
0000100111110000
0000011010100101
1000101001000011
0101011000001100
0100110001100100
0100101010100001
0100001100011100
0100001000001111
0011010001001010
0011010000001110
0010011100001100
0001110010000110
0001101100010100
0000100111000011
0000100100011101
0000100001100111
1110011000100000
1011110000000010
1010011000101000
1000011100110000
1000010001000111
0110110000000110
0110011010010000
0101010101000100
0101010011000010
0100101000011010
0100010011000101
0100010001001011
0100001010011001
0011100001100100
0011100000111000
0010101000101001
0010010001110100
0001101000011010
0001011110100000
0000110011100010
0000001001100111
1011001000110000
1010010000100110
1001101010100000
1001001001001100
1000101000111000
1000010100010101
1000001010000111
0111100110000000
0110110010000010
0110101000010010
0101010011001000
0100001100000111
0010100011000101
0010100000011011
0001110100001100
0001101000101001
0000010110100011
1101011001000000
1011000011100000
1001001001001001
1000110000101010
1000110000011100
1000101000101100
1000010000011101
0111100000011000
0110110001001000
0110110000001010
0110100000000111
0101001010001001
0100110001001100
0100101000110010
0100010110100001
0010010010011100
0010001111100000
0000010100111001
0000001111001001
0000001000101111
1011011000000010
1010010000110100
1000101000011100
1000011100010100
1000010001101100
1000001000100111
0101110010000100
0101100010100001
0100110000111000
0100110000101010
0100011101001000
0100011100001010
0100011000100110
0100010100010110
0100001000110110
0010010010110001
0010010001100110
0010001100001101
0001110110000100
0001100001001011
0001010011000110
0000110101100010
1100000000011011
1010011000001010
1010001000110010
1001010000011100
1000110101100000
1000110100000110
0110100010010001
0110100001000101
0110010000011100
0110000101010001
0101100101100000
0100100011001001
0100011110001000
0011000001110100
0010101010010010
0010011101100000
0010001101000101
0001011010100100
0001010101100100
0001001101000101
0000110010110010
0000101011011000
1100110000000101
1010010000100011
1010001001110000
1000010101100001
0111101000000010
0101100100000011
0101000001001011
0100101010001010
0100011110100000
0011110100001000
0010101100000101
0001010010010110
0000101110011000
0000101011000101
0000100011010011
0000000111011100
1111001000000001
1101011000010000
1101010000010001
1101001000110000
1010010001000101
1001110100010000
1001110000011000
1001000000101101
1000101001010100
0111000010000011
0110101010010000
0110100000011001
0101010000010110
0100100101000101
0100010100011010
0100001101000011
0100001001110100
0011100010000101
0011100000010110
0011000000011011
0010101010000101
0010010111100000
0001101010010010
0001011110000010
0001010100100101
0001001110010001
0001001101100001
0000010100110110
0000001011001011
0000000001101111
1111000000010001
1101010100000001
1101010000100001
1011110000000100
1010110000001001
1010010000010101
1001100001010010
1001000011100100
1001000001010110
1000110010000101
1000101010110000
1000011010100010
0111001110000000
0110011100000010
0110011000000110
0101000001010101
0100110110000010
0100011100000110
0100010111100000
0100010001001101
0011110000001100
0011100010000011
0011100001100010
0010110100011000
0001101010100001
0001100010110001
0001100001101100
0001010111000100
0001010100001101
0000101100100101
0000010110110001
0000001101011100
0000001100111010
1100001001110000
1011100010000001
1010010100010001
1010000000100111
0101100000001011
0101001001001010
0100101000100011
0100010011100001
0100000111010001
0011100001001001
0011000111000001
0010110010100010
0010101001000110
0010011011000010
0001101100110000
0001100001001101
0000010011110010
1101001001100000
1010110000010010
1010010001000011
1010000000001111
1001101001000010
1001100011000001
1001001010100010
1000110101000010
0110101001000100
0110100001100001
0110010010010010
0110010000001110
0110001110000001
0101100001100010
0100010110001001
0100001001011100
0011010000011010
0010110100100010
0010011001001010
0001101010000101
0001101010000011
0001001111100000
0000001100110011
0000001010011011
1111010010000000
1101101000100000
1011010000100100
1010110001000100
1010110000100100
1000100001110100
0111001000001001
0110001001110000
0101100010001001
0101010000110100
0100101001001100
0100010110000101
0011100010001001
0011011100100000
0011010000100110
0011000001010101
0010100111010000
0010100011000011
0010100001110100
0010011100001010
0010000000111101
0001100101101000
0001001001011010
0000101000101110
1010011110000000
1001010101010000
1000011100101000
1000001001000111
0111000000000111
0101011100000100
0101011000101000
0100110100101000
0100100001011001
0011100100100001
0011011100001000
0011000001010110
0010100101010010
0000101101100001
0000010111010100
0000000111001011
1110101000000001
1011001000100100
1010001000100011
1010000000101011
1000101000000111
0111101000001000
0110010010100001
0101000111010000
0100110100100100
0100110010010010
0100110001101000
0100101100000101
0100001111010000
0011101100010000
0011100000001011
0010100100110001
0010100011110000
0010011101000100
0010010101110000
0001101100100001
0001101100001010
0001001000001111
0000101100010110
0000101011100001
0000101000101101
0000011010111000
1011110100000000
1011100001000001
1011000001110000
1001011110000000
0111010000001010
0111001100000001
0110010001010100
0101001000011100
0100110010011000
0100010000011110
0011100000110010
0011001100001001
0010100110010001
0010100000001111
0001110010101000
0000110110001010
0000011110010010
0000011100101100
0000010101100101
0000001001101110
1100111000001000
1001001001001010
1000011100001001
0111010000000101
0110011000001010
0110010000110010
0101100101001000
0101011010000010
0101010100011000
0100110010110000
0100110000101100
0011100101010000
0011100000100101
0011001100000011
0011001001100100
0010110110100000
0010100101000101
0010010111010000
0010010011110000
0010000100010111
0001110010001010
0001100010010011
0001100001011010
0000111110000100
0000110110000110
0000101010010110
0000100100011011
0000001101001101
0000000111010101
1001101000101000
1001000001001110
1000110110000001
1000100001110010
1000010101000011
1000010011110000
1000001001100101
1000001000111001
0111010100000010
0110010000001101
0101100101000010
0100110000001110
0100010000110110
0100000111110000
0010110000101010
0010101000011010
0001011100100100
0001010110000101
0001000000110111
0000110010011100
0000101110010100
0000101010111000
0000101001101010
1110110000010000
1100011000010100
1011100000110000
1010101001000001
1010010010100001
1000101000100011
0101100000010110
0101000000011101
0100100100011001
0100010101000110
0100001111100000
0100001010011100
0011100000011010
0010101100001001
0010001010001011
0010001001110010
0001110110001000
0001010100011010
0001010010001011
0001001000111001
0000101111100000
0000101001100110
0000011101101000
0000011011001100
0000001101010110
1111100000010000
1011010011000000
1010011001010000
1001110100000010
1001001000010110
1000111100001000
1000001001010011
0111100101000000
0111011000000100
0110001000011100
0110001000000111
0101100000101001
0101010110000010
0101001100010010
0100110110001000
0100011001101000
0100000111001001
0100000101010101
0011110010001000
0010101101010000
0010101100100001
0010001100110100
0010000001111001
0001100100010110
0001100000101110
0001010100011100
0001000011010011
0000110100111000
0000010010101101
1100010101000001
1010010011000001
1001001000100011
1000001001111000
0110100100000011
0110010000101001
0101101000001010
0100011010010010
0011010011000010
0011001011100000
0011000001000111
0010010100110010
0010010010001011
0001101101000100
0001001011001001
0000100111001001
0000100110010101
0000100101110001
0000100100110101
0000100001011110
1001010100010010
1000110001011000
1000011011010000
0101100010000011
0101010000001101
0101000100010101
0100110011000100
0100101010110000
0100001000111010
0011010100100010
0000010111011000
0000010010110011
0000001011001101
1110100000000011
1101010000110000
1100111100000000
1011001000100001
1000100000110011
1000011100000101
1000011010101000
1000001001101010
1000001001001011
0110001111000000
0100110110100000
0011001011010000
0010100010010101
0010011101001000
0010011001101000
0010010110100001
0010000001110011
0001100111100000
0001100011011000
0001001100110001
0000110110110000
0000001111011000
0000001011000111
0000001001101101
0000000100011111
1101100001000001
1101000000001011
1010110000010100
1010010001110000
1001000001111000
1000101000001110
0111001000110000
0111000100010001
0110101010100000
0110100010100001
0110011000100010
0110010001100010
0110010000110100
0110000101000011
0101100000100011
0101001001100100
0101001001001100
0010110101001000
0010110011001000
0010101001100010
0001001100011001
0000101110001001
0000101011101000
0000010011001101
0000001110010101
0000001010011110
1110100010000001
1101100000110000
1101010011000000
1100010001100001
1010010100000011
1001101000010010
1001100000101100
1000100000110101
1000010100110001
0111001000000101
0111000011010000
0110110000100100
0110100010001001
0110011000100100
0101100011000010
0101010001000110
0100001000111001
0010010110110000
0010010100011010
0010010001001110
0010001100110001
0010001010010101
0001101100010010
0001100011100100
0001001100000111
0000101101011000
0000101011001010
0000011101100100
0000001011101100
0000000011011101
1110000000010011
1100100001001001
1100011100100000
1011000000001011
1010001001100001
1000111100000010
1000110000011010
1000010100000111
0101010000101001
0101001110000001
0101001001011000
0100101100010010
0011101000001010
0011100110000001
0011010011000100
0010101010001010
0010100001110010
0010010110000101
0010010011010010
0010001001001011
0001100001101001
0001010010100011
0001000111110000
0001000111010010
0000101101110000
0000010111001010
1100001000110010
1011010000000011
1010000000110011
1001100010110000
1001010001011000
0111100010010000
0111100001000010
0110011100100000
0101101100000010
0101010010010100
0100101001101000
0100100110001001
0100011100101000
0100001101001001
0010100001100011
0010010000111010
0010000101010101
0001100000011011
0001001011000011
0001001010010101
0000100001001111
0000011011001010
0000000101110101
0000000001111011
1111010000100000
1100011000100100
1100010000100011
1100001000010011
1011000001100100
1010011011000000
1010010000001110
1001011010010000
0111101000000100
0111100000000101
0110101001100000
0100001001000111
0100000000110111
0011101000100010
0011001010010001
0010110110000010
0010101011001000
0010101001100100
0010010010111000
0010000111110000
0001101010011000
0001100100110001
0001010111001000
0001010010110100
0000101000101011
0000011011101000
1110010100000001
1101110000000010
1100011010100000
1100010000011100
1010010101000001
1001010000011010
1000111100000100
1000110010110000
1000101000101010
1000001010110001
0110001100000011
0101100110010000
0101100100010010
0101100000011100
0101010010110000
0101001110010000
0101000001010011
0100100100110001
0100010000101101
0100001100001101
0100001001001101
0011001000001101
0011001000000111
0010110000101100
0010101000100110
0010010100001110
0010001110001001
0010000010111001
0001011100101000
0001011010000110
0001001010110001
0000100011111000
0000100010010111
0000010110000111
1110000000011001
1101110010000000
1100001110000010
1010111000001000
1010100110001000
1010011001000010
1010010000100101
1000101010100001
1000101001000101
1000100001100110
1000011100010010
0110101001001000
0101100100001001
0101010010001010
0100101100010100
0100011011000010
0100010010110001
0011000011010001
0010100001001101
0010011010000110
0010001101001001
0001101110000010
0001010000101101
0001001101011000
0001001100110100
0001001011001100
0000101010101010
1110010001000001
1010011000011000
1001100101100000
1000010000111001
1000000111001010
1000000001101110
0111010000011000
0111001101000000
0111001000100001
0110011001000100
0110001001100001
0110001001010100
0101010100100010
0011010100010100
0011001001001010
0010100011100001
0010011010100010
0010010001111000
0010010001011010
0010001001100101
0001100110000011
0001010011101000
0001001010011001
0001001000011011
0000100110010011
0000100001111001
0000011100101010
0000010010110101
0000001000111011
0000000111100011
1100011000010010
1100010001010001
1100010000000111
1011011010000000
1010110001000010
1010010001010010
1001010100100010
1001010010010010
1001001001000011
1001000001100011
1000100101010001
0111010000010100
0110010010100010
0110000010010101
0101100100010100
0101001011000100
0101000001100101
0100101110100000
0100010100101001
0100010001110010
0100000101010011
0100000100010111
0100000000111011
0011010000101001
0011001001001100
0011000001110010
0001001100010110
0000101110000101
0000010001101101
0000001100111100
1110110000000010
1100111000000100
1100010110000001
1011010001000010
1010011010100000
1010010000111000
1010001000010110
1001001010010010
1000010100100011
1000000001001111
0111100010100000
0111000000010011
0101001100010100
0100101100011000
0100100101010100
0100001011100001
0011010000011100
0011000100101001
0001100101000110
0001010110010010
0001010101001010
0001010010110010
0001001011100100
0001001011010010
0001000000101111
0000110011001100
0000011010101100
0000010011011100
1100011101000000
1100000001001011
1011101001000000
1010010000101010
1001010100110000
1000011110000001
1000011100001100
1000011100000110
1000000111110000
0110110010001000
0110001010010100
0110001010001001
0110000001010101
0101101000101000
0101010010100010
0101010000011100
0100101100110000
0100010001001110
0100001011001001
0100000110010011
0011000100010011
0010011011000100
0001010011001100
0001001011000101
0000101011010010
0000010110010110
0000001010001111
1011010001010000
1011000111000000
1001000011100001
1000101100010001
1000101001101000
1000011100100010
1000000001111100
0110100100001001
0110001000010110
0110000000010111
0101101010000010
0101101000100100
0101001101000010
0100010110010010
0100010101110000
0100010001101001
0100001010001011
0010100010010011
0010001100000111
0010000111000011
0001010110010100
0000100101100011
1100011000101000
1010000000111001
1001010111000000
1000110100100010
1000101001001001
1000101000100101
0111001010010000
0101010010000101
0101010001100100
0101001100001001
0100000011011001
0011100001011000
0011001101010000
0011000011110000
0010011100100010
0010001000101110
0010000111010001
0010000000111110
0000101011001100
0000100011011001
0000010011101001
0000010001111010
1110010011000000
1100110010100000
1011000001100001
1010001001100010
1001010010010001
1000000001110011
0111100000010010
0110110100000100
0110000110000011
0101010000100110
0100110110000100
0100100110000011
0100001100111000
0100001100001011
0011001001100010
0011000000110110
0010010000101110
0001100111000010
0001100010100011
0001010100100110
0000101010101001
0000010101001110
0000010100101110
0000010010011011
0000001011010011
1101010100001000
1101010010100000
1101010001010000
1100010100000011
1100000000010111
1001101011000000
1001001000100101
1001000000011110
1000001011100001
0110001100010010
0110000001010011
0101100000110100
0101010001001100
0101000100110001
0101000100010011
0100100011000011
0100010010001011
0100001110001001
0100001101000101
0100001011010100
0100000011001011
0100000001010111
0011101010100000
0011010110100000
0011001000100011
0011000001100011
0010010110001001
0001010101001100
0001001100011100
0000110110100010
0000110101101000
0000101111000010
0000001011011100
1110110001000000
1100010100010001
1010101001010000
1010100001010001
1010011100010000
1010010000011001
1010000000101110
1001011100010000
1001010100100100
1001010001001001
1001001010100001
0111010010010000
0110110010100000
0110100001010010
0110010100010100
0101001101100000
0101001100100001
0100100011011000
0100011010101000
0011110100000100
0011001000001011
0001100101100010
0001010110110000
0001000001111010
0000101101101000
0000010011100110
0000001101001011
1101001010100000
1100011100010000
1011100000010001
1010101000000101
1010001000100101
1001010110100000
1000110100110000
1000110100010010
1000110010100010
1000100000101110
0111100100010000
0110100100100001
0110010011010000
0101101000001100
0101100001101000
0101001010100001
0101000001110100
0100101000001110
0100100101001010
0100011010001010
0100010111001000
0011101000001100
0011101000000110
0011100000001101
0011000000011101
0001110010001100
0001101100101000
0001100011000110
0001001100001101
0001001000111010
0000001001111010
0000000010111110
1110101010000000
1100111000000010
1100101001100000
1011000000110100
1010011001000100
1000101000101001
1000010011000101
1000001100110001
0101001010110000
0101000011100001
0101000011001001
0100110010001010
0100100010110001
0100001010010011
0011010101001000
0011010010001001
0011010001001100
0011000011000101
0011000000110101
0010001111000001
0010001001001110
0001011010101000
0001000110101010
0000110011101000
0000100101010110
1100101100000001
1100010000001011
1100001001100001
1011001000100010
1010100000110001
1010001000001011
1001001101100000
1000000011010011
0110110000101000
0110100010000011
0110011100001000
0110010101010000
0110010000100101
0101101010000100
0101100100000101
0101001100110000
0100011110000010
0100010101100100
0100001011000011
0100000011010011
0011101000100100
0011100101000010
0011001001011000
0011000010111000
0011000001100110
0010110010001010
0010100101100001
0010100001100101
0010001101010100
0001101100011000
0001010100001110
0001001101000110
0001000101010110
0000100100110011
0000000101001111
1111100000100000
1100101001000001
1011000000100110
1010001001100100
1010001000011001
1001010110000001
1001001010010001
1000110011010000
1000011100001010
1000000001100111
0111000100100001
0111000001110000
0110100001010100
0110001000100101
0100110100001100
0100101011000100
0100101010001100
0100010100110010
0100010011010100
0100001001001011
0100000001111100
0011010110010000
0011001001000110
0011000000100111
0010101010001100
0010010000101101
0001101110100000
0001100100011001
0001100100000111
0001011110001000
0001001011100010
0001001010010011
0000110100100110
0000101100110100
0000101000111010
0000100000111110
0000010011001011
0000001010110011
0000000010111101
1101010000000011
1100110011000000
1100010000010011
1100001001010001
1010110011000000
1010001000010011
1001100000100011
1000110100010100
1000000101101001
0110001101010000
0101000001110010
0100110010001100
0100010111000010
0011000101000011
0010110010011000
0010100011010010
0010010000111100
0010001011001001
0001010011001010
0000101110000011
0000011010100110
0000010110001101
0000001101110100
0000000111110100
1101011010000000
1100010011100000
1100010001000011
1011010010100000
1010110101000000
1010000001101001
1001100000010110
1001010000000111
1001001000010011
1001000010110001
1000001010110100
0110100101010000
0110100011010000
0110100000010110
0110010101100000
0110010001110000
0110001100000101
0110001011010000
0101101000100010
0101100110100000
0101100110000010
0101100100110000
0101001010001010
0100100011100001
0100100001010110
0100011100100100
0100011100100010
0100010101001010
0100010010001101
0100001001010110
0011010101000100
0011010100000110
0011010000101100
0010101110010000
0010101011000010
0010101000111000
0010011110000010
0010011100101000
0001110100101000
0001101010001010
0001100000100111
0001001010011100
0001000101000111
0000101001101100
0000100110011001
0000100001111010
0000011110001010
0000010111000110
0000000111010011
1111100001000000
1110010000100001
1011100001010000
1001100001001100
1001100000111000
1000011101000010
0111100001000100
0101100001000110
0101011010000100
0100110010000110
0100101000101010
0100100101100001
0100010010000111
0011100000011100
0011001110000001
0011000100110001
0011000011100001
0010110001101000
0010100101110000
0010100100000111
0010100010011001
0010010100100101
0010001001101001
0001100010011001
0001010010100101
0001000011011100
0000110110001100
0000100111100001
0000001110100011
0000000100110111
0000000011101011
1100110000100010
1100010101100000
1100001000110100
1010110100010000
1010101000100100
1001110010010000
1001010100000011
1001010011000100
1001000000111010
1000110010010010
1000110010000011
1000110001001100
1000010001011100
0111010000000110
0111001001100000
0111000000110001
0110001100100001
0101010001101000
0101000101110000
0100101101100000
0100100100110100
0100010100011100
0010010100110100
0001010100101100
0001010010000111
0001001000100111
0001000011010101
0000110100101010
0000100101011100
1101100000000011
1100011000011000
1011010000000110
1011000000000111
1001100001000101
1001001010101000
1000101101000001
1000011110100000
1000010010110001
1000001000101011
0110100001110000
0110010010001010
0110000111000001
0110000000011110
0101100001001010
0101100000110010
0100100000110101
0100001011110000
0100000010011101
0011010100001010
0011010011001000
0011000000011110
0010100110000011
0010100100011001
0010000011010011
0001100011100010
0001100010010101
0001100000001111
0001011110000100
0001001111000010
0000101100111000
0000100001111100
0000001011110100
0000000111101001
0000000101110011
1101101000010000
1010010111000000
1001101000000101
1001010100010100
1000101010010001
1000011100100100
1000010101000101
0110101000001100
0110001001010010
0101100011000100
0101100010110000
0101010110001000
0101001100000101
0101001000000111
0101000110010010
0100101001100010
0100100001000111
0100011010100010
0011001100100001
0011001000100110
0010101100010100
0010010111000010
0010001110000011
0010001011000011
0010000011010101
0001100011001010
0001001100100011
0001000101100011
0001000001011011
0000100011110001
0000010101100110
1111000011000000
1111000000001001
1011011000000100
1010110000001010
1001010101000010
1001010000101001
0101001000011010
0100100000110011
0100010100100101
0100010011110000
0100000101110001
0011100011000010
0011010010110000
0010001101100001
0010001100100101
0001000110010011
0001000101011001
0001000001100111
0000100101001011
0000100010111100
1110110000100000
1110011000010000
1110001000110000
1101110000000100
1011101100000000
1011100000011000
1011010010000001
1010011100000010
1010011000001100
1010010010010001
1001101000000110
1001100100010001
1001010000011001
1001001110100000
1000101000001101
1000010101010010
1000001101110000
1000000001110101
0111001000011000
0111000010010001
0110001000110010
0101001100011000
0101001010001100
0100100101110000
0100100010011001
0100100000011011
0100010101011000
0100010010011100
0100010001110100
0010110010000110
0010100101001001
0001010110100010
0001000111000011
0001000011110100
0000101010110100
0000100111001100
0000001110000111
0000001011111000
1100010001110000
1011100000100100
1011010100000001
1011010000000101
1010110010100000
1010000001110001
1001101000000011
1001010011000010
1001000101010001
1000110110001000
1000010101001010
1000010011100100
1000001111000001
1000001000011011
0111001001000100
0111000101010000
0110011010100000
0110010110010000
0110001010000011
0101100000001101
0101001010011000
0100010011001010
0100001010110001
0100001001111000
0010010010010110
0010001101010010
0010000001001111
0001100100001011
0001011010001100
0000100111011000
0000011110000110
0000010010110110
0000010010100111
0000010010011110
0000001111000101
0000001110001101
0000001011100101
0000001011001110
0000000011110101
1101101000000001
1101011100000000
1101010001000010
1100010111000000
1010110000000110
1010101010000001
1010001001010010
1001010000001101
1000101001000110
1000010100001011
1000000011110001
1000000001101011
0110011000101000
0110010101000010
0101010100001100
0101010100001010
0101010100000110
0101010011000100
0100101001100100
0100010111000100
0100001110000011
0100000101011001
0011000111100000
0010110010101000
0010100100001011
0010100001011100
0010100000111001
0010011010001100
0010010110010010
0010001010110001
0010000001110101
0010000000111011
0001001010110100
0001001010110010
0001000000111011
0000010100101101
0000001111010100
