1100010000010110
0010001001011001
0100011110000100
0000101110010001
1000011100000011
0100011100011000
1001010000010011
0000110100111000
1010000101001010
1000001001011100
1110000010010001
1001000100110100
0100100001101100
1001010100001001
0101001001100100
1010100001101000
1000010010010101
0011001001001100
1100100011100000
0101111000100000
0100001101010001
0001101101000001
0001110010110000
0010111000001001
1001001000101010
0001100110110000
0000101001110100
0100111000010010
1010000011100100
0000000100110111
1110100011000000
1010100001001001
0100010010100110
0001010110011000
0111010001010000
1011000100001100
0000011001011100
0101000011000101
1100010010001010
0010100001000111
1101010100000001
0000110000111001
1001000000011011
0101011000001010
0100101000000111
0000101001001110
0011010000110001
1000100110010100
1000000111010010
1010010110001000
0000000011101101
0010011100000101
1001001000000111
0000110001110100
1001010001101000
1001101000100001
0001101000001101
1100011010001000
0100010100110001
0100110000011001
1001110000000110
1100100000011010
0011000100110010
0001001010001101
0010001011100100
0010001001011100
0010011001001001
0100000011011001
1001001010010010
0101001000011010
0100000100111001
1100110100000001
0001001000111010
0011011010000100
0000011000010111
0111000001100001
0110100010000110
0001000110010101
0010010110010010
1011000010100001
0100100010011010
1100001010100100
0000001111110000
1001001001100001
0010000110110010
1110000110100000
0010100100011100
1001001011000100
0100000010011110
0010001001101010
0000000010111011
0000011101000110
1000001101000110
1100110000101000
0001100111100000
0010010000011101
0010000010111010
1001011000010100
0010011010100100
0001110000010011
0000100100011011
0000010101001011
1010100110010000
0100100000111001
0100010111000010
0101100001001010
0001001111100000
1010100000011010
0000001101010110
0001010010101100
1001000010100011
0100101011100000
0011010001000101
0100101101100000
0101100010000101
1010000100110010
1110000001110000
0110001000011010
0000010010001111
0001111010010000
1001001001011000
0100011011000010
0101110100001000
1100010110000001
1001111100000000
0001100010100011
0011001100010010
1001000010110001
1010100100110000
0111100000010010
0100100100010101
1100000011000011
0000101110001001
0011010101000100
0101010010010100
1101100000000101
1100010000010101
0100001101001001
0101001100100001
1000011100001001
0100011100010010
0001000010011011
1011000001001001
0000101010011001
0001100100101100
0101000110001001
1110000000100101
1010000110100010
1000001000011011
0011101100000010
1001001010010001
0010111000010100
0101000001110001
0010101001101000
1010100000011001
0010000011001011
1100001001010010
0001010110010010
1010001000100101
1010101010000010
0001010001000111
0101100010100100
0010110001000101
1000010010001011
0001111000001001
1000100110001100
1001110001000100
1100101010001000
0010101000011100
0100000001110110
0001000011111000
0001100101000110
0010001111100000
0001101000010101
1100011010010000
1000010101100100
1110100000100010
0000000001111110
0010011000010101
0011001100100100
0000101001010110
0010100011100010
0000110100010101
0101000001100011
0010001100011100
0110000010011010
0010011100100010
0000101011100010
1000010010100110
1011000000110010
1111000000100100
1000111000100010
0110001001101000
0110000001100110
0110001011000010
0000011000011110
1001100011000001
1011110010000000
0010010100111000
1010010000100011
0110101000101000
0010010110001010
1100000110001100
0100100010011001
1000010110000110
0001010011000110
1010001010101000
1001100010101000
0010001110010010
0110010010001010
0001110100010010
1010110000100100
1001001010001001
0000011000001111
1011101010000000
1000101010000011
1001011000001100
1101011000000010
1010100010001010
0110010001010001
1100010000001101
0101000011010001
1000101001100001
0011100110100000
0100001110100100
0000111001000110
1000000001001111
1001010000101010
1010111100000000
1100010000100110
1100000000011101
1101000111000000
0000100010100111
0011011000011000
0000100100110101
1001110000100001
1011001000000011
1000011100010001
0100011000110001
0100001001111000
0000101000001111
1100000100001011
0011100011000010
1010001101000100
1100001010000011
0010000101111000
1010000000111010
1000000011011100
0001000100100111
1000110100000110
1010110100000010
0001000010011110
0001110010010001
1100000010011001
1011100000000110
0000001000111110
1001000011000011
0000000110111010
1100011000010100
1001001001010010
1110001011000000
0101010010001100
0000011101011000
1000110000110100
1000100001011010
0011010000010011
0000001110010011
0100001011101000
0101101000000011
0100001110101000
0100100100001011
0001010001100110
0100100010011100
0110110000011000
0000101111010000
1110101000100000
1100000011001001
0010101010011000
1100100010000110
1101001000001001
0001110001010100
0000010001101101
1110001000010010
0010000011010011
0001010110001010
0100001001001101
0001000001101011
0111100000100100
0011000101000011
0101000001011100
1010100001100100
0010010011100100
0110000100011100
1000010000010111
1000001010011010
1110010001000010
0000010110011100
0011010100010010
0101110010100000
0010110001011000
0101100101001000
0100110110000100
0000110010001101
0001001100110001
0001100110000011
0000110101101000
0001001110100001
0110001111000000
0001001001110100
1010010000011100
1100100001100010
1000000001011110
1110100100001000
0001010100001011
0110001001110000
0100110011000001
1100001100000110
0100001000011110
1110000100100001
1011001000100010
0111000100000011
0001010010011010
1001000010010101
0100100010100011
0001011110100000
1010101001001000
1101010000011000
0100101001010010
1100010100000011
1111000001100000
0110001001100010
0010011100011000
0010001100100101
0010011000001011
0001001101000011
0001001110011000
1101011100000000
0110101000110000
0110001100001001
1011001010000010
0000100111101000
1000010101000011
1101110000000010
0110000011101000
1101010000101000
0001010100100011
0100011000101001
0101100100100010
1100010100010100
1001101000001100
0001101001000110
0011101110000000
1001100011000010
0010110000100110
0101010000101010
1011000110010000
1001101110000000
0100001110000011
1000011000100011
1001001001001010
0000011001101100
0100001100000111
0001101110000001
0001010000011110
0011110000100001
0000100001010111
1000101011100000
0100111000001100
0100100101001100
1110010000000110
1010110000000011
0011100111000000
0101000101000110
0001110000000111
1100100000100011
0111001100000010
1110000110010000
1000011000110001
0100001001010110
0101011001000001
0010101011000001
0011100001000110
1010001010001001
0101000110110000
0000111001011000
1000110000101100
0001000001110110
0100110010000101
0100010110000011
0101011100000010
0000010101000111
0001110010001001
1010010001100100
0000100100101011
0001100010100101
0000100010111010
0101001100001001
0000001011110100
0000110001011100
0101100000001011
0011000001100101
0000110001001110
0001110001001100
0000011101010010
0011000100101100
1000111000010001
1000010010110010
0001001010010011
1100000011010100
1010101100000010
1011000010011000
1110000001100100
1000010011000110
1001100000011010
0001001001101100
0100110101100000
0010000100101101
0000011111000001
1000010000001111
0011011000010001
0000010001110101
0100101010000101
1110000000110010
1000011011010000
0001010011010010
1011001001100000
0101100000001101
0010100001101010
0100100010100101
1000111011000000
1000100100111000
0011000101001001
1100001001100100
1100000110000011
1101110100000000
1000110001100001
0010000001011110
0000101100011100
0100000110101100
0100100101001010
0101000000011011
0010011101001000
1101100000010010
1010100001000011
1001001000001101
0100000111000110
0001101010000110
1010101001010000
0000001011001110
0100001000011011
0001110000110100
0010001010010101
0001011000000111
0001100000110110
1001010010100010
0011110100000100
0000110010010011
1001101000010010
0011001100001100
0100000000111011
1010001100010100
1010010100100100
0000001101100101
0100100110000011
0001001000100111
0010000101000111
0101000100100101
0011011010100000
1001001000010110
0010110001010001
1100110010010000
0100000110110001
1000010101001001
0101010000110001
1010011000000101
0001100101010010
1010000011000110
0010010011001001
0100100100110010
0010010001011100
0000100010110011
0010010100101100
0001011000101010
0011100010000011
0000111000011100
0010100100101100
0101001100010001
0000100011100011
1000100010001011
0001100010011010
1000100000111010
0010100011000011
0000100111000101
1100000001110001
0000011101001010
0001011010000101
0011010110000100
1000011001000011
0010000101101010
0001010001101100
0101010100000101
0001011110001000
0011011000001010
1100101100000100
1010110000001001
1000010110010010
1001000101010100
0000001011101100
0101000000110110
0000010111001010
1100100110000010
0010110000010110
0000111011000001
0011100100000101
0001110100011000
1001010000011010
1001001110001000
1000111000001001
0000110111000001
1001100010000101
1100010000110010
0000100101011010
1001010010100100
1011000000101100
1000010100001110
0110110000001010
0010100001010110
0100000001111001
0100100011110000
1000011101001000
1101000100000110
1001101010100000
0000110110101000
0010100101100001
0001001110010100
1000000101101100
0001011101000001
0010001111001000
1111000000100001
0100100100011001
0110000001001110
0110000111000100
0110010100011000
1000101011010000
0000100110001101
0110011101000000
1001110001100000
0001011100101000
0000001011010110
1100000100110100
1010010001000011
0101010100010001
0010011101010000
0101100011001000
0101100000010101
0100010001100110
0001010100010101
0000111010101000
1001100100001001
0110100101100000
0100001011000011
1001000001101001
0100010000101101
0111010100001000
0000101100100110
0001011001011000
1001001010110000
1001110000110000
1000011000010101
0010110001001010
0010101101010000
0011000000011110
1010001000110010
0001100011100010
1000000001010111
0001001110001010
0001101010011000
1010000111000001
1000011110001000
0100000110101001
1101010011000000
0100000101010011
0101101000100001
0000011101100100
0100101101001000
1000100100100110
0111011000100000
1000110001010100
1100001101000010
0101100110000001
0001001100101100
0100010101001010
0100001111100000
0111000000011100
0010000010110011
1000100000010111
1010010011010000
0000000110010111
0101011010100000
0001000001011101
0110010000100110
0001011110010000
1000100100000111
0010001010100110
0010010100001011
0000001111010010
1000100001101001
0000110010110010
0010110000110010
0101001100000101
0100001101110000
0011000110100100
1001000010101010
0101010110000100
1010100100000011
1100001100110000
1000011010000110
0010100011001001
0101010100011000
0010001100110001
1011001000010010
0011010000001110
0011100011100000
1001100100100100
0010000101110100
1101010000000101
1111010000100000
0010000111000110
0100101011000001
0001011110000010
1000010100010110
0100100111100000
0000111000101001
0000001110110100
0011010001101000
0000001111101000
0011011000000101
0110100000110100
1000100011010001
0101100011010000
1010101000101000
1000101101100000
0101001000101100
0100000100001111
1000000101001011
1000000001101011
0001000110111000
0000011010100101
1101100000110000
0011010000011100
1100000100101100
0001000111001001
1010000100111000
1000010001001011
1011010010000010
0011100001100100
1011000010001010
0010001111000010
0001110010010010
1000101000100011
1011001100000010
1110000110000100
1001110100000100
0000010000111011
0001010000101011
0011000100011100
0110000001101100
0001001010000111
0100101000010110
1000110011001000
0100010000110101
1101100010010000
0001100010110001
0110110000010100
0010100000100111
0100001100001011
1001110000010010
0010011100110000
0010000011100011
0011010010100001
1000000100100111
1001010001001100
1010100000101100
0001011001010010
1000100000001111
0010110110000010
0000000110001111
1000000011010011
0110110001010000
0101010000100110
0110110010001000
1100110001100000
0000010100110011
0100100000011110
1000110001001100
0110100001010010
0111000000110001
0001110010100001
0010000001101110
1001001010010100
0101110000110000
1001010100010001
1010101001000100
0000011100000111
1000010011110000
1000010110110000
0000001001001111
0001010101011000
1000001001001110
1011000101100000
0010110000100011
1010001010000011
0000110110100010
0100100110010100
0100010101010100
1000101101000100
1100001000011001
0101010101000001
0101000100001110
0101000010000111
1010000010100011
0100010001001110
1001111001000000
1000101010100001
0111100001100000
0111110000000001
1010000100001101
0101111000000100
0001011011000001
0010100011001100
0000010011111000
0110010010101000
1000100001110100
1100010011000001
1010001100100100
0001100011011000
1000010110001100
0001100011000101
1000001100100011
0100100101000110
0001100010011100
1001000011100001
1000101000001101
0100000010111100
0001010100110010
0010110000101010
1100100001011000
0100000011100011
0010110010001001
0110010000111000
0100000101100101
0010011011000001
0100001110010001
0100100001001011
1100000101000110
0100001111001000
0100001100100101
0000100010011101
0011010001110000
0001001011101000
1000110100110000
1011001000001010
0000001100101101
0100110101001000
0101000101101000
1100100000101100
0000000101110110
1010101000110000
0010110010000011
0011001010110000
1011000010000011
0110100100000110
1010001110010000
1000000011100110
0001000100011101
0101001000001011
0100010110010010
0110000101000101
0110100000101100
0011010001100010
1000110011000010
0001000000110111
0001101110100000
0011010010010010
0000110100110001
0010000101011010
0100000001011011
1011000001110000
1000000100111100
1010101000100010
0000100001101101
0011100010100001
0010000011011010
0001100101001100
0011001010000110
1001010001010100
1001110010000010
0001101000110001
0101101000001010
0011000110000011
0001100110100001
0110101010000010
0011101010001000
1100100010010001
1000100011001100
0100101011000100
0011000001110010
1100000001001101
1010000001011001
0101000100011001
1000011010010010
1011000000011100
1010010111000000
0000000111001011
1001101100100000
0000001001011011
0110101001100000
0110001001001001
0000111001100010
1100010000101100
1101010100000100
0001001000011011
1100010011100000
0000110011101000
0110011100000100
0010001110001010
0000010110100110
0001111100100000
0110110010010000
0001100111000100
1001000100011010
0001100110001010
1010100001001100
0111000100001010
1001010001100001
0100010001010110
1101000000110010
1001001100100001
0000010101010101
0000001100011110
0000010011011001
1001001010001100
0001101010001010
1101010000010001
0001001101001010
1000010100100011
1001110000100100
0100010110100001
1110000001001100
1100001100010001
0100100100101001
1010110010000001
1000101000010101
0001010100101010
1010000100010101
0001011100000101
0001110001110000
0000001101101010
0001101001110000
1001010110000100
0111001010010000
0010100110101000
1001011010010000
0101111010000000
1111000100001000
0010101101000001
1001100001000011
0001001011110000
0001110110000001
1000011000101010
1100000100011010
0000100110010110
1011010001001000
1000101100000110
0101011110000000
0110010010110000
0011000010011100
0001000110000111
0001100010000111
0100010110001010
0101011000001001
0011100100000011
1001000010011100
1001100000110100
1010011000010010
0101000101110000
1001001100001010
0000101010100101
0001100100001011
0010101010000101
1100010000101001
0010100111000010
0100100001010011
1001010000011100
1000100100110010
1001110100100000
0011110001001000
1101000001010010
0101110100000001
0010010000111100
0001000110101010
0100001111000010
1001011001100000
1001010010010001
1010000010001011
1011110000000100
0001001011100010
1001000001101100
1100110000100001
0011010010001010
0110001101100000
0100110101000010
0010110101001000
1001010100000110
1100000001101100
1000000010100111
0010001101011000
0100011010000101
1001000000111010
0000001100101011
1101000100101000
0000001010111010
0010010100010110
0100011100001001
0101011000000110
0000110100101001
1010001100000011
1100000010001110
0010010010010110
1000001111000100
0110001001010100
0001110010100100
0001000011011100
1010100100100001
1000001100001011
0011000110001001
1100000000110011
1100110000011000
1100101101000000
0111001010000001
1100101100000010
1010001000011010
0111001011000000
0000010100101101
0000110000101101
1100010100001001
0110010101000001
1001000001011001
0111010001000100
1000010011010001
1010000100110100
1011100000110000
0000011010111000
0110000010101001
1011000100011000
0000010101001101
0000110011110000
0010001110000011
1110010000100010
1010000000101011
0000101110000110
0100000110000111
1000000011001110
1001111000000100
0100100000010111
0001001100110010
1000010001110100
0000101100001011
0110010000001110
0110010101000100
0001101100000101
1010010001010001
0110011010010000
1100011001000100
0100010010010011
0100110010100001
1010010001010100
1110000100010010
1000101110000001
1011010001010000
1100010001000101
1110010011000000
1100100100000110
0100000011001101
0010011100100100
0001000011110001
0000110010011010
0101110011000000
1010100110000010
1100001100001001
0110000100001110
0100001010110100
1111010010000000
0001100001100011
0101010100101000
1100000101010010
0001100100010011
0000001001101101
1100100001001010
0100001001011100
