0000111001010001,8534
0010110001000101,8101
0001111001000001,7164
0011110001000001,6534
0001110001010001,5495
0111111000000000,5162
0100111000010001,5144
0010111001000001,5105
0001110011000001,5030
0001111000010001,4573
0010111000010001,4409
0000111000010101,4353
0001111001010000,4249
0000111000010011,4220
0101111000000001,3881
0100111001000001,3783
0101110001000001,3706
0001110001000101,3670
0000111000110001,3584
0000111001000011,3348
0001110001100001,3323
0000111000011001,3205
0011111000000001,3036
0001110101000001,3035
0001111001100000,3000
0000111001100001,2940
0001110001000011,2791
0000110001010011,2759
0000111001000101,2691
0110111000000001,2639
0001011001010001,2554
0101110010000001,2487
0000110101010001,2482
0000111111000000,2474
0000111101000001,2454
0010110001010001,2376
0000000000111111,2359
0100111000001001,2357
0000111100010001,2320
0000110001010101,2303
0001111000110000,2296
0000111001001001,2264
0100110001010001,2220
0001110001010100,2173
0000111011000001,2127
0001110001110000,2116
0000000111111000,2100
0000110000010111,2093
0100111010000001,2086
0000011000011101,2081
0000011000010111,2058
0101111001000000,2056
0100111100000001,2048
0000110001110001,2032
0101110000010001,2030
0010111000000011,2022
0001111001000010,1993
0000111000010110,1984
1111110000000000,1976
0001111000000011,1959
0000111000001101,1935
0000111001110000,1932
0001111010000001,1915
0001110001010010,1907
0001110000010011,1867
0010111000000101,1852
0000111000011100,1834
0011111100000000,1817
0000111001010100,1814
0011110000010001,1812
0000011001010101,1789
0111110000000001,1787
0001111011000000,1771
0100111000100001,1769
0101111000010000,1763
0001111000100001,1759
0000011001010011,1726
0000111000000111,1724
0110110000010001,1704
0001111001000100,1696
0110110001000001,1682
0000111000110100,1662
0011111001000000,1661
0001110011010000,1658
0001110000110001,1657
0010110001000011,1642
0000111010010001,1639
0000111000001011,1631
1001110001100000,1629
0001111000000101,1628
0001111000001001,1595
0100111001010000,1584
0000110101000011,1579
0010011001010001,1577
0001111000010100,1576
1001011001100000,1570
0100110101000001,1566
0010111000001001,1544
0101110100000001,1541
0101110001010000,1540
0000110001000111,1528
0001111100000001,1519
0100111000110000,1503
0000111001010010,1477
0001110100010001,1476
0001110000010101,1474
0010110101000001,1469
0010011000010011,1467
0010110000010011,1449
0000011000011110,1448
0101110011000000,1440
0000110100010011,1427
0100111000000011,1414
0100110000010011,1413
0010011000010101,1406
0001111110000000,1402
0010111000100001,1372
0000110001011001,1370
0100011001010001,1365
0101110000000011,1363
0010110011000001,1363
0001110001000110,1363
0001110001100010,1362
0011110001000100,1355
1000111000010001,1351
0001111001001000,1335
0001110000100011,1335
0001111000010010,1329
0000011101010001,1314
0010111010000001,1307
0001101001010001,1304
0011011001000001,1298
0000011001110001,1298
0001011001110000,1296
1000111000110000,1293
0001011001000011,1288
0001110001001001,1283
0000110001010110,1280
0011110001010000,1267
0101011001000001,1263
0010110001100001,1262
0100111000000101,1261
0000111000100101,1257
0100110011000001,1248
0000110011010001,1236
0000111000100011,1235
0000110111000001,1228
0001011001010100,1223
0000110000110011,1216
0000011000011011,1216
0100110001000011,1205
0010111001010000,1204
0000111000110010,1196
0011011000000011,1194
0011111000010000,1193
0100110100010001,1185
0010110000010101,1181
1001111000100000,1179
0101111010000000,1177
0110011000010001,1173
1001110001000001,1170
0010101010101000,1159
0000001111110000,1155
0001011001000101,1135
0000011000110011,1134
0001110101010000,1132
0000111100000011,1122
0001011000010101,1121
1000111001000001,1118
0010111100000001,1118
0000011000001111,1117
0101011000010001,1114
1000111000100001,1108
0000011000110101,1108
0000011001010110,1107
0001011001100001,1104
0010111000110000,1095
0001111101000000,1095
0000111110000001,1094
0000011001011001,1090
0011110000000011,1087
0100111000010100,1081
0001011101000001,1078
0101101001000001,1073
0001110001100100,1071
0001110000010110,1068
0011110011000000,1055
1001111001000000,1054
0010111000010100,1053
0011110010000001,1052
0001110110000001,1044
0010011001001001,1038
1000000000011111,1034
0000110101000101,1034
0001011000010011,1027
0001010001010110,1020
0100111000011000,1015
0001011001010010,1013
0100011000010101,1010
0011110000000101,1008
0001010101010001,1003
0000011000110110,993
0000110000011101,992
0110011001000001,989
0000011111100000,981
0001011001100100,971
0000011001000111,971
0001111000011000,969
0000110000011011,969
0011110000100001,968
0011011000010001,965
0001101011000001,965
0010111000010010,962
0100110001100001,959
0000111001011000,953
0101010101010000,949
0010011000110001,947
0001011011000001,946
0000110001100101,946
0001110010010001,943
0101110000100001,942
0010011000011001,941
0001111010010000,940
0000000011111100,934
0000111011010000,933
1001111000000001,932
0000111101010000,930
0100101001010001,929
0010011000000111,929
1100000000001111,927
0000111010001001,924
0001011000110001,923
0101111000100000,917
0000110001001011,916
0000110100010101,913
0000111100001001,908
0000101000011101,907
0001111000100100,906
1000111001100000,904
0000011100010011,903
0000111100000101,900
0010110000110001,898
0110111000010000,894
0100110000010101,893
0001111000100010,890
0000110101001001,887
0010011000010110,878
0001110011100000,872
0001110000110100,869
0000110000110101,867
0010011001000011,866
0001111000000110,866
0101101011000000,865
0110110010000001,862
0010110100000011,862
0111110001000000,858
0001110111000000,858
1001110000100001,857
0100110000110001,857
0100011100010001,853
0001001101101000,853
0000011100010101,849
0100011000010011,848
0010101001010001,848
1001011000110000,845
0100011000011001,844
0001011100010001,843
0100011000110001,841
1000011000110001,839
0001011000010110,834
0100110001010010,830
0001110000110010,830
0010110100010001,824
0000111000001110,824
0001110100000011,821
0010011001000101,820
0000010101010011,820
0010110001010010,814
0000111000011010,814
0001010001010011,812
0000000001111110,808
0000111001000110,807
0000011101000011,807
0010110001001001,806
0101110000001001,805
0001011001001001,800
0001101001110000,799
0101110101000000,798
0001011000110100,798
0000110001100011,795
0101010001010001,794
0011110001100000,792
0001110001011000,789
0101101000010001,788
0000111010000101,784
0000111000111000,784
0100110000011001,783
0011110100000001,783
0000111010000011,780
0101011001010000,779
1000110001100001,777
0001011001100010,777
0000011001001101,776
0101100011000001,772
0100110010010001,771
0110110000000011,766
0101101001010000,766
1001001001110000,763
0010110000000111,762
0100111000010010,761
0010110000011001,760
0100011101000001,756
0001110000011001,755
0000101001010101,753
1001111000010000,751
0001011001000110,750
1001010001100010,749
1011111000000000,746
0100110100000011,743
1000011000110100,742
0000110000110110,742
0000011011010001,742
1001010001100100,741
0010011000001101,739
0001110101000010,739
0001010001010101,738
0000010101010101,738
0100111100010000,737
0101110001100000,734
0000110100001011,734
0011010011000001,732
0001111100010000,731
0000110011001001,731
0100110001001001,730
0000111000101001,730
0000010001010111,730
0101111100000000,727
0011110001000010,727
0011110000001001,727
0101010101000001,725
0001010001110001,723
0000110000011110,723
0100110001000101,722
1000011001110000,720
0110110100000001,719
1001110001010000,715
0011101001000001,713
0110010000010101,712
0001011000011001,710
1001110000110000,708
0101101010000001,706
0000011100011001,706
0001101001010100,704
0100110110000001,703
0000011000111001,702
0000001000011111,701
0000110011000101,699
1000000000101111,693
0000010000011111,690
0001011000011100,686
0010011100010001,685
0001110000000111,685
0000111001100010,685
0111010001000001,684
0001010001100110,683
0100011010010001,678
0011111000100000,678
1111000000000011,677
0000011001001011,677
1001010001110000,676
0001010001110100,675
0000111100100001,675
0100111001100000,674
0001110011000100,674
0001011101010000,673
0000011001011100,669
1000011000001110,668
1000111001010000,667
0000011000111100,664
0001110001001010,663
0100111101000000,662
0000101000010111,662
1001011000100100,658
0001011010010001,658
0001010001110010,658
0000111001100100,658
0001111000001100,656
0101110001000010,654
0000110001110100,654
0000110100011001,653
0010101000010101,651
1001101001100000,650
0000111000100110,650
0010011101000001,649
0010011000001011,646
0000011001110100,646
1000110011000001,645
0000111010100001,644
0101011011000000,643
0001111010100000,643
0010110001010100,642
0000011001110010,640
1000110001010001,637
0000110001110010,635
1000011000100110,633
1001110001000010,632
0001011000110010,632
0010110010000101,631
0010010001010011,631
0011010001010001,630
0000110101010010,630
1010111000000001,628
1000011001010001,628
0101100001010001,628
1000011001100001,626
0111011000000001,626
0011110000110000,626
0000110011000011,624
0001011001011000,622
0110111001000000,619
0010010000010111,619
0000110001001101,618
0000110110010001,617
1001011000100010,616
0000010000110111,615
0010111000011000,613
0001010001100011,613
0010110010010001,612
0000101001010011,612
0110101000010001,611
0100111001000010,611
0001110001001100,610
0011010000110001,609
0111110000010000,606
0111101000000001,606
0100111011000000,602
0001011001101000,602
0010110000010110,601
1001100001110000,600
0111110010000000,600
0011011001010000,599
1011110000000001,596
0010111001000010,596
0000110000001111,593
0010110101010000,592
0000110101100001,590
0000011000100111,590
0100011011000001,589
1000111000000011,588
0001110100100001,588
0001110011000010,588
0000111100010100,588
0101011100000001,587
0001010000010111,586
0000111100011000,586
0011101000010001,585
1001010000100110,584
0100110100001001,584
0000110010010011,584
0000011001100011,584
0010111000000110,582
0001010000110110,582
0000111001001010,582
1000111000000101,581
0010110000001011,578
1001001001100100,577
0100111010010000,577
0011110000010010,576
0010111011000000,576
0010111001100000,576
0101011010000001,575
0101110000110000,574
0100111110000000,573
0011110101000000,572
0000111001001100,572
0001011011010000,570
0001010011010001,570
0011111010000000,566
0001110000011100,566
0100011001001001,565
0010011001100001,565
0001101101000001,565
0000110011100001,565
0001110010100001,563
0000101001110001,561
0101110000000101,559
0010110111000000,559
0010101000010011,559
0001011000100110,559
1110000000000111,557
0110010001010001,557
0000011101000101,557
0011101001010000,555
0010011000011100,555
0101010011000001,554
0100010101010001,552
0110110000001001,551
0001011000001110,551
0100110101010000,549
1100111000000001,548
0010011000110010,548
0001110000100110,548
0000111100001100,548
1001110000010001,547
0000110100000111,547
0001110010000101,545
0001010111000001,545
1000011000110010,544
0000011000101110,544
0001010101110000,543
0000010100010111,542
1000110000010101,541
0111110000100000,541
0001111000001010,541
0100011001000011,540
0000011111000001,540
0100011001000101,537
0010111001000100,536
0011111000000010,535
0001010101000011,534
0110011100000001,533
0011010001000101,533
0001011000000111,531
0010011010010001,530
0000110100110001,530
0101111000000010,529
0001101000010101,529
0000111011100000,529
0111100001000001,528
0001011000001101,528
0010111101000000,527
1001011001010000,526
1001110001000100,524
0001011000001011,524
1000011001100010,522
0010101000110001,521
0010011011000001,521
0000011100000111,521
0101110110000000,520
0101001001010001,520
0110011010000001,519
0011100001010001,518
0010010101010001,518
0110110000010100,517
1001011001000001,516
0010110000110010,516
0001011001001100,515
1010110001000001,514
0010011010000011,514
0001101001000011,514
0101010100010001,513
0001110000100101,513
1000111000100010,512
0001110000001011,510
0110011000001001,508
0101111000001000,508
0001110100000101,508
0101010001110000,507
0110011000000011,505
0010011111000000,505
0110101001000001,504
0000011010010101,503
1000110001110000,501
0001101001001001,501
1000011000010011,500
0100111001001000,500
0001010011000101,500
0000110101010100,500
0010101000011001,499
0001011000111000,499
0000111000101100,499
0000111010011000,498
0110110000000101,497
0001011011100000,497
0000011001100101,497
0101110100010000,496
0100110100100001,496
0100110000001011,496
1000110000110001,495
1001010011100000,494
1001011000100001,493
0011010101000001,493
0010110000100011,493
0001110010000011,493
0001100011010001,493
0100101010010001,492
0100011000001101,492
0010011100000011,492
0000011100001101,492
0001011111000000,491
1000111000100100,490
0101110010010000,490
0001101001010010,490
0000110001100110,490
0100101000010101,489
0011100011000001,489
0010001000011101,488
0000111100010010,488
1001110000100010,487
0001110101100000,487
0110111010000000,486
0010011000100011,486
0110110000100001,485
0001101001100001,484
0001001001110100,482
1000011000101100,481
1000011000010101,480
0010010001010101,479
0101011000001001,478
1000010000110110,477
0000011001100110,477
1001000001100110,476
0001101001000101,476
0000010000111101,476
0000101101010001,475
0000110100110010,474
0000011100001011,474
0000101011010001,473
0100101000011001,472
1000011000100011,471
0101011000000011,471
0100101000110001,471
0010111000001100,471
0001101000110100,471
0010111110000000,470
0001101000110001,470
1001011001000010,469
1000111000010100,469
0000011101001001,469
0000110110000011,468
0100011110000001,467
0001011100000011,467
0001011001001010,467
0001010001011100,467
0001010000011110,467
0000011100011100,467
1000010000011011,466
0000011001001110,466
0111110100000000,465
0101111000000100,465
0010011001010010,465
0000011011000011,464
0000011010011001,464
1001010001100001,462
0111101001000000,462
0001101001101000,462
0000010001110011,461
1111100000000001,460
1001110010000001,460
1001110000100100,460
0101011101000000,460
0011010001100001,460
0010101010010001,460
1000111000000110,459
0100111000001100,459
0011011000100001,459
0010110001110000,459
0000111100110000,459
0101011000110000,458
0000011110010001,458
0001010000110011,457
0100110000100011,456
0011010001000011,456
0110111000100000,455
0110110001010000,455
0001111000101000,455
0001011000100011,455
0110111100000000,453
0100011001100001,453
0100101011000001,450
0110010010010001,449
0101110100100000,448
0000110000100111,448
0100111010001000,447
0100011100001001,446
0010111010010000,446
0110111000001000,445
0010010001110001,445
0000111101000010,445
0110011000000101,444
0010001000010111,444
0001110100010010,444
0000011100110001,444
1001101000110000,443
0001111100000010,443
0100110010001001,442
0001100001010101,442
1001001000110100,441
1000111000001001,441
0000111010110000,441
0000110001101001,441
0001110000001110,439
0001101011010000,439
1001000001110100,438
0001100101010001,438
0101011000100001,437
0001110101000100,437
0101010001100001,436
1001001001100010,434
0101110000010010,434
1001010000110100,433
0101010111000000,433
0001100001110001,433
0000110010010101,432
1000111000010010,431
0011011000110000,431
0000101000110101,431
0000011101100001,431
0100011100000011,430
0001010001001110,430
0000001001011101,430
0010010000110011,428
0001100001010110,428
0001010100010011,427
0001001001010101,427
0000011111010000,427
0000001001010111,427
0001101101000010,426
0100101010001001,425
0011011000010010,425
0010110110000001,425
0001110001101000,425
1001011000101000,424
1000011001100100,424
0010111100010000,424
0001010001000111,424
0000110001011100,424
1001110011000000,423
1000111001000010,422
0101110001000100,422
0000111001101000,422
0101011001100000,421
0100110111000000,421
0010101011000001,421
0010011001010100,421
0000010111010001,420
0100111001000100,419
0011011000000101,419
0001101000011001,419
0001100001110100,419
0000111010010010,419
0000110100010110,419
0000110000111001,419
0101010010010001,417
0011100001000101,417
0001101001011000,416
0011101011000000,415
0010010100010011,414
0100110100000101,413
0011110000010100,413
0011011011000000,413
0111010000010001,412
0010111000100010,412
0000101001011001,412
1000011000010110,411
0100011001110000,411
0010011000110100,411
0010110010000011,410
0001110011001000,410
0001110000001101,410
0001000001111001,409
0001101000010011,408
0100110000001101,407
0100010100010011,407
1001011000010001,406
1000011011100000,406
0101011100010000,406
0000011100010110,406
0100011000011100,405
0011011100000001,405
1000011001000011,404
0010110000001101,404
0000011101010100,403
1001001000100110,402
0110110110000000,402
0011111000000100,401
0000110111010000,401
1101110000000001,400
1001011001000100,400
1001001011100000,400
0011010000010011,400
0010010101000011,400
0001101001001010,398
0000010101011001,398
0000010001110110,398
1000001000101110,397
1000110001000101,396
0000011000101101,396
1000111100000001,395
0010011001110000,394
0001101111000000,394
0000011011001001,394
0111110000000010,393
0101110000010100,393
0001011110000001,393
1000001000110110,392
0100101001001001,392
0001001001011001,392
0000010100011011,391
1001110010100000,390
1001010001000110,390
0101101001100000,390
0000110001011010,390
1001111000000010,389
0101101000110000,389
0100110000000111,389
0011110110000000,389
0010101000001101,389
0010010000011101,389
0000010001011101,389
0100011101010000,388
0011001001010001,387
0111000001100001,385
0100011010001001,385
0000101001010110,385
0100111000100100,384
0101011000000101,383
0100010111000001,383
0001010001011010,383
0000011011000101,383
0100110010000011,382
0001001001110001,382
0001110100001001,380
0000010001110101,380
1100111000010000,379
0101010001000011,379
0010011011010000,378
0001011101000010,378
0001010001111000,378
0000011010010011,378
0100110000101001,377
0001010101010100,376
0001001001011100,376
0000101000011110,376
1000011000101010,374
1000011000000111,374
0010111000100100,374
0000110100001101,374
1001111000000100,373
1000110000110100,373
0101100101000001,373
0100010101000011,373
0011010001110000,373
0010110000100101,373
0001011000100101,373
0000011100011010,373
0100000000011111,372
0000011000101011,372
0110010000010011,371
0101110000100010,371
0001100001010011,371
0000101100010101,371
1000011000100101,370
0100101100010001,370
0000011001101001,370
0101101101000000,369
0011011001100000,369
0011011001000010,369
0100111010100000,368
0001110000011010,368
0100011000000111,367
0001110110010000,367
0001011101100000,367
0001010001011001,367
1001011000000110,366
0100011000001011,366
0100010001010011,366
0010001001010101,366
0001010101010010,366
0000111011001000,366
1001010000110010,365
0111010101000000,365
0100010001010101,365
0001010001100101,365
1100111000100000,364
0101110010100000,364
0011011000001001,364
0001011000011010,364
0000111010010100,364
0000011010110001,364
1010111000010000,363
1000110000010011,363
0000111011000010,363
1001000000101110,362
1000110000000111,362
1000101001110000,362
0001111010000010,362
0111100011000000,361
0010110100000101,361
0010011100001001,361
0010011000100101,361
0001110010001001,361
0000111101001000,361
0000110010011001,361
0000001100001111,361
0010110100001001,360
0000100001010111,360
1000111000101000,359
0100110001010100,358
0100011001010100,358
0110111000000010,357
0011011010000001,357
1001100001100100,356
0000111101100000,355
1000110101000001,354
0101101000100001,354
0100110100010010,354
0001001101010001,354
1010011000010001,353
1000000000111110,353
0110010101000001,353
1010011000000011,352
0010111001001000,352
0001110101001000,352
0001010001101010,352
1001010001101000,351
0110010010010100,351
0010110010100001,351
1100011000110000,350
0100110001110000,350
0011010010000011,350
0001010001001011,350
0000100011010101,350
0110010100010001,349
0100010000010111,349
0011010000100011,349
0010101001000011,349
0001011000101100,349
1011110001000000,348
1000010000101110,348
0000010000111110,348
1000011000111000,347
0110101000001001,347
0001010101100001,347
0000111110100000,347
0001010000110101,346
0000011000111010,346
0001110100010100,345
0001101001100100,345
1001110000000110,344
0100101000010011,344
0010011100110000,344
0000101010011001,344
0000011001011010,344
0111100010000001,343
0110001001010001,343
0101101001001000,343
0100011111000000,343
0011111000001000,343
0010101001000101,343
1001110000000011,342
0111011100000000,342
0111011001000000,342
0110011000100001,342
0001010111010000,342
0000101001011100,342
0000001000110111,342
0011010111000000,341
0001010000101110,341
0000011011100001,341
0100100101010001,340
0010111000001010,340
1000110001000011,339
0001111100100000,339
0000111011000100,339
0000110000101011,339
1000111001000100,338
0001110010110000,338
0001011100001001,338
0000010011010101,338
0000010001011011,338
0111010100000001,337
0011110010100000,336
0010011100000101,336
0010011000011010,336
0001010101000101,336
0101010000010011,335
0100111000000110,335
0011010100010001,335
0001101011001000,335
0110101010000001,334
0110010000011001,334
0100001000011101,334
0010011110000001,334
0001001001010011,334
0000110010001011,334
0000010101000111,334
0011110000100010,333
1000010000011110,332
0011010001010010,332
0010101000011100,332
0001101000010110,332
0000101001000111,332
1010011000100001,331
0100011000110100,331
0100011000110010,331
0011010000010101,331
0010110000110100,331
0001010100010101,331
0000001000111110,331
1001000000110110,330
0011011100010000,330
0001110100110000,330
0000110010110001,330
0110110000110000,329
0100111000101000,329
0001011010001001,329
1101110001000000,328
0010101001001001,328
0000011101010010,328
1000011000011100,327
0101101000001001,327
0101010110000001,327
0101010001010010,327
0011011000010100,327
0000110011010100,327
0100101000011100,326
0010010000100111,326
0000111110000010,326
0000110110001001,326
1010111000100000,325
0101011110000000,325
0101010100000011,325
0101000101010001,325
0100011000010110,325
0001101010010001,325
0000010001100111,325
0100101001010100,324
0001101001100010,324
1001011010100000,323
0010101100010001,323
0000110001001110,323
0000011101110000,323
1000110001100010,322
1000011000011001,322
0100001100110010,322
0010101000010110,322
0001011100000101,322
0000110000111010,322
0111100000010001,321
0100101001010010,321
0010100001010011,321
0001101011100000,321
0001010011100001,321
0000010100011101,321
0000010001011110,321
1001100011100000,320
0100110000010110,320
0010011000001110,320
0101010000110001,319
0100110011010000,319
0010100000010111,319
1010110000100001,318
0110011001010000,318
0010000000110111,318
0001001001010110,318
0000111101000100,318
1100110001000001,317
0100111000100010,317
0001101000011100,317
0000001111101000,317
0011110000000110,316
0001101100010001,316
0001011100010010,316
0101001011000001,315
0010001000011110,315
0001001000110110,315
0101110000011000,314
0011100001110000,314
0010011000100110,314
0001001000011110,314
0000101000110110,314
0100011010000011,313
0010110100100001,313
0010010000011011,313
0010101001010010,312
0010010000110110,312
1001010001010100,311
0111010010000001,311
0100011100011000,311
0000101000011011,311
0101110001001000,310
0010010100010101,310
1000101000110001,309
0010010001101001,309
0001011100010100,309
0000111100000110,309
0110110000010010,308
0010101001010100,308
0100111100100000,307
0010110010001001,307
0001011100100001,307
0100111100001000,306
0100101101000001,306
0100011100100001,306
0011101001000010,306
0000011100100011,306
0111011000010000,305
0110100001010001,305
0001111100000100,305
0001110000111000,305
0001011011000010,305
0000010111110000,305
1001110000010100,304
1001010000101100,304
1000110000100110,304
1000010001100110,304
0101101100000001,304
0101011001000010,304
0001010001101100,304
0000110100100101,304
0000010011010011,304
0000001100011101,304
1000011001101000,303
0110010011000001,303
0101011000010100,303
0010010001000111,303
0001110010010010,303
0000101000001111,303
0000011011010010,303
0100011001010010,302
0010011010001001,302
0010010111000001,302
0001101101010000,302
1001100001100010,301
1001010001010001,301
0111101000010000,301
0100110010000101,301
0100010011010001,301
0010001001010011,301
1001001000101100,300
0000111110010000,300
1011010001100000,299
1000011001000110,299
0100011100000101,299
0111000111000000,298
0101110100000010,298
0001110010010100,298
0001110000101001,298
0001010011110000,298
0001000001110110,298
0000110110000101,298
0100110000110100,297
0001100001110010,297
0011010000110010,296
0000011011110000,296
1001001001101000,295
1000101001010001,295
0011011101000000,295
0000101001110100,295
1001001000110010,294
0110011000010100,294
0000111000101010,294
0000001101010101,294
1010011001000001,293
0010010011010001,293
0001011000101001,293
0001001001110010,292
0000110100100011,292
1101110000100000,291
1100011000010001,291
1001110000010010,291
1000011000101001,291
0100110000100101,291
0010110100010010,291
0000111010001100,291
0000110000111100,291
0000010111000011,291
1001110100000001,290
0100101001100001,290
0001001001100110,290
0000110101110000,290
0000101000110011,290
0101100011010000,289
0011011000100010,289
0011010100000011,289
0000100101010101,289
1000110000110010,288
0001010000011101,288
1011110000100000,287
1000110001100100,287
0101010001000101,287
0100011000100011,287
0000011100001110,287
1000111010100000,286
0110111000000100,286
0100110010100001,286
0100010100010101,286
0010010001011001,286
0111001001000001,285
0011110100010000,285
0010101000000111,285
0001001000011101,285
0000101001001101,285
0000011010011100,285
1000111010000001,284
0111100001010000,284
0110101001010000,284
0100010000011011,284
0001001001101100,284
1010011000110000,283
0101001101000001,283
0100110101000010,283
0100101001000011,283
0001010011000011,283
1010110000010001,282
0100011000101001,282
0010001000001111,282
0001110000101010,282
1100011000100001,281
1000110100010001,281
0100101000001101,281
0100010000011101,281
0001101001000110,281
0000111100001010,281
0000011001111000,281
1001011000010010,280
1000011001010010,280
1000001000111100,280
0101101010010000,280
0101001001010100,280
0010100001010101,280
0000010101110001,280
1001110001001000,279
1001010001010010,279
0100010110010001,279
0011101000100001,279
0011010001010100,279
0010110001000110,279
0111101010000000,278
0100000000101111,278
0010011000101001,278
0000110011010010,278
0000101001001011,278
1000110000100011,277
1000011100010001,277
1000011001010100,277
1000011000001011,277
1000010001110001,277
0101010000100011,277
0101001010010001,277
0011110000011000,277
0011101001100000,277
0001111010001000,277
0000101100010011,277
1000001001100110,276
0101100010010001,276
0011101010000001,276
0010110011000010,276
0010010010100011,276
0010010000110101,276
0010000000011111,276
0001011010110000,276
0001011010000011,276
1001001001100001,275
1000111000001100,275
0100101001110000,275
0011100001000011,275
0011100000110001,275
0010110000101001,275
0000011010001101,275
1000110000010110,274
0101011010010000,274
0100111000001010,274
0100011011010000,274
0000011110001001,274
0000010101010110,274
1001110000000101,273
1001010000101010,273
1001000001101100,273
1000111000001010,273
1000110010100001,273
0100011000111000,273
0010110000011100,273
0000110101000110,273
0000010011110001,273
1100110001010000,272
1011011000100000,272
0101100000011001,272
0101011000010010,272
0101010000010101,272
0010110000011010,272
0001110110000010,272
0001110000101100,272
1000101000110100,271
0101101000010100,271
0100101001011000,271
0011110100100000,271
0011110000100100,271
0000101001100101,271
1001000000111100,270
1000111000011000,270
1000110001010010,270
0000011100110100,270
0000011011000110,270
0000010101001011,270
0000010011100011,270
1101111000000000,269
0001101101001000,269
0010110011010000,268
0010010000001111,268
0001011010100001,268
0000110101011000,268
0000110100011010,268
1001010000110001,267
1001010000001110,267
1000101001100001,267
1000011100000011,267
0010110001100010,267
1010110000000011,266
0101010101100000,266
0011100001100001,266
0011100001010100,266
0010011010000101,266
0000110000101101,266
0000100101010011,266
1100111001000000,265
1000011000001101,265
1000010001010101,265
0101100100010001,265
0101010001100010,265
0100010001110001,265
0011011000011000,265
0001100001111000,265
1000011111000000,264
1000001001101001,264
0110011000110000,264
0010100010110010,264
1001101001010000,263
1001011000010100,263
0100101011010000,263
0100001100011010,263
0011101000000011,263
0001101011000010,263
0001010000111100,263
0101100011100000,262
0100011010100001,262
0011110001001000,262
0011100101000001,262
0010100101010001,262
0001100111000001,262
0001100011000011,262
0001011100110000,262
0001011010000101,262
0000101101000011,262
0111101100000000,261
0011110010010000,261
0010110001011000,261
0000101011001001,261
0000011001101100,261
0101010011010000,260
0010111010100000,260
0010010001100011,260
0001010110010001,260
0001001011010001,260
0111001001010000,259
0100011100010010,259
0011011001000100,259
0000011110000011,259
0011101000001001,258
0001010011010100,258
0000010001001111,258
1000011001000101,257
0000011010001011,257
0101101000000101,256
0000001001110011,256
0100110001011000,255
0001001000010111,255
0000011010000111,255
1000011001001001,254
0111010011000000,254
0110000000001111,254
0101001001001001,254
0100111100000010,254
0100010010010101,254
0010101101000001,254
0010001101010001,254
0000011101000110,254
1100110000010001,253
1001011000000011,253
1000010001110010,253
1000010000010111,253
0100001101010001,253
0010110101000010,253
0010001000110011,253
0001011000101010,253
0000011011010100,253
1001011101000000,252
0110001000010101,252
0101010011100000,252
0010011100100001,252
0001011101001000,252
1001010001001010,251
0110110011000000,251
0010101001100001,251
0010010001010110,251
0000110100011100,251
0000110010000111,251
1010000001011100,250
1001111000001000,250
1001100001100001,250
0001100001100110,250
0001100000110110,250
0101001001010010,249
0100101001000101,249
0010101001110000,249
0000001001011110,249
0110010000100011,248
0101001100010001,248
0100010001000111,248
1010011000100010,247
0101101010001000,247
0011010000010110,247
0001101001001100,247
0001100011110000,247
0001100000010111,247
0001010100010110,247
1000001001110100,246
0101011001000100,246
0101010001001001,246
0101001011010000,246
0100010101001001,246
0000011101011000,246
0000001111100001,246
1001110000101000,245
0100011001011000,245
0100001011010001,245
0010111100000010,245
0001111010000100,245
0000110011110000,245
0000101000111100,245
1001011001001000,244
0111010000000011,244
0101100001100001,244
0100011000100101,244
0001010100011001,244
0000110101001010,244
0000011011011000,244
0000001001110101,244
0110110101000000,243
0101011001001000,243
0101010100010010,243
0011001000110100,243
0001111100001000,243
0000010100011110,243
1001010000010110,242
1000011010110000,242
1000001001110001,242
0101000111000001,242
0010010000011110,242
1001010001000101,241
0100010101000101,241
0010110001100100,241
0000001001110110,241
0000000001110111,241
1001000001110010,240
0100010001011001,240
0001100001011100,240
1011101000000001,239
0100011000011010,239
0011101000000101,239
0010111000101000,239
0010010100000111,239
0000110000101110,239
1010110000000101,238
0101100001110000,238
0101001001110000,238
0001010011010010,238
0001001001001011,238
0000111110001000,238
1001100000110100,237
0011101000110000,237
0010010100001011,237
0010001000110101,237
0001011011000100,237
0001010111100000,237
0001010000111001,237
1010111001000000,236
1001011011000000,236
1000010001110100,236
0110010001000011,236
0001001000110101,236
0000001001001111,236
0110010000110001,235
0101101001000010,235
0010101010001001,235
0010101000110100,235
0000101010010101,235
0000010000111011,235
1000010000110011,234
0100011100110000,234
0010001000011011,234
0000110001111000,234
0000101110010001,234
1100110000100001,233
1001010000100011,233
1000111010010000,233
1000011010100001,233
0110010110000001,233
0011010001100010,233
0010101000001011,233
0010001001011001,233
0000010110010011,233
1001110000001010,232
0011100000010011,232
0011011000000110,232
0010100000011101,232
0010010010010011,232
0001101101100000,232
0001101000001101,232
0000100000011111,232
1000110000100101,231
1000011101000001,231
0101001101010000,231
0100110001100010,231
0001101000110010,231
0001001011100001,231
0001001000111100,231
0000010000101111,231
0101100111000000,230
0101100001000011,230
0100101000110100,230
0011110100000010,230
0010011010001010,230
0001100000110101,230
0001011101000100,230
1011011000000001,229
0100110000110010,229
0011101000010100,229
0011010101010000,229
0011010011100000,229
0010011010100001,229
0010011001000110,229
0000111010000110,229
0000011110000101,229
0000010100110011,229
1000111011000000,228
1000110001000110,228
0110101000010100,228
0110101000000101,228
0011101001000100,228
0010011101010000,228
0000100111010001,228
1000110011100000,227
0110101100000001,227
0010000000101111,227
0000110111000010,227
0000001010011101,227
1100011001000001,226
0110010001000101,226
0010010101000101,226
0000101100011100,226
0000010110010101,226
0110011110000000,225
0101011000011000,225
0100111100000100,225
0011001001110000,225
0010010001011100,225
0010001001110001,225
0001010000001111,225
1100011001010000,224
0111010000100001,224
0110101011000000,224
0110100101000001,224
0101110010000010,224
0101100000110001,224
0101010101000010,224
0011010110000001,224
1001101000100001,223
1000001000110101,223
0111110000001000,223
0111100000000011,223
0111001000010001,223
0110101000100001,223
0100001001010101,223
0010010110010001,223
0010010001001011,223
0000100000110111,223
0000011100110010,223
1011110010000000,222
1000110001010100,222
0101101100010000,222
0101011100100000,222
0100001001110001,222
0001100101000011,222
0000110010100101,222
0000011110011000,222
0000011100100101,222
1010011100000001,221
1000110000001110,221
0011001000011001,221
0001110100000110,221
0001010101001001,221
0001001001111000,221
0000111100100010,221
0010010010010101,220
0001110100100010,220
1000001000011110,219
0100101110000001,219
0100000000111101,219
0011010010010001,219
0001011011001000,219
0001010100110001,219
0001001001101010,219
1010111000000010,218
1001101000100100,218
1001011000001100,218
0101101000000011,218
0101010001010100,218
0101001000010101,218
0010101010000011,218
0010011001011000,218
0001010000011011,218
0000001011011001,218
1110111000000000,217
1110110000000001,217
1011110000010000,217
0110101000000011,217
0100011011100000,217
0100010101010010,217
0001100001011001,217
0000010100110101,217
1011011001000000,216
1001111100000000,216
1001110101000000,216
1000110000011001,216
0101101001000100,216
0011001001010100,216
0010001000110110,216
0000001100010111,216
0110110100010000,215
0101011100000010,215
0101010100000101,215
0100011100010100,215
0100010000001111,215
0010101000100101,215
0010011100010010,215
0001101000001011,215
0001010001001101,215
0000001000111101,215
1001101001000001,214
1001010001001100,214
0011010001000110,214
0010011001100010,214
0010011000111000,214
0010010100011001,214
0001100011100001,214
0001001001001110,214
0000101101000101,214
0000010111000101,214
0110010100000011,213
0101110000100100,213
0101010100100001,213
0100011110010000,213
0011010100100001,213
0001010000100111,213
1110010000000011,212
1000101000010110,212
0101110000000110,212
0010001001000111,212
1101011000100000,211
1001001010110000,211
0111100000100001,211
0101110010001000,211
0101110000101000,211
0101001000110001,211
0010010100100011,211
0001101000000111,211
0001011110010000,211
0000111100101000,211
1100111010000000,210
1011010001000001,210
1000010000111100,210
1000010000100111,210
0111100100000001,210
0110110001100000,210
0001000001010111,210
0000110111100000,210
0000110011011000,210
0000101000111001,210
1001000011110000,209
0110001000001101,209
0100000011101100,209
0010110000001110,209
0001001011110000,209
0000110010010110,209
1000000000111011,208
0100001000010111,208
0000101111000001,208
0000010111001001,208
1010110001100000,207
0101100101010000,207
0101010000001011,207
0100100110010001,207
0100010100011001,207
0011010001001001,207
0010101001011000,207
1000111001001000,206
0110100011000001,206
0100100111000001,206
0010010100110001,206
0001011100011000,206
0000110110100001,206
0000110100101001,206
0010010110000011,205
0001010100000111,205
1001001000110001,204
1000010001010011,204
0101101000010010,204
0101010000011001,204
0100101010010100,204
0100001001011001,204
0011010000000111,204
0011001001001001,204
0010010001110010,204
0000001101010011,204
1001100000100110,203
1001010001000011,203
1000111110000000,203
0100101101010000,203
0100010000110011,203
0011100111000000,203
0011011110000000,203
0010010011000101,203
0001001101001001,203
0000101100011001,203
0000010100001111,203
0000010011010110,203
0000010001111001,203
1010100000001011,202
1001010101100000,202
1000110100000011,202
0101100000010011,202
0100110011100000,202
0100100011010001,202
0011000001010011,202
0001110010011000,202
0001001101100010,202
0000110010100011,202
0000010101111000,202
0000000011111001,202
0110011100010000,201
0110001000110001,201
0100011010000101,201
0011001011000001,201
0010110011000100,201
0000101000100111,201
1001011000001010,200
0101101000011000,200
0100011000001110,200
0100010100001011,200
0010110010010010,200
0001010110000011,200
0001000101010011,200
0000011101001100,200
0000000001011111,200
1100110010001000,199
1001001001010100,199
0101110000001010,199
0100100001010011,199
0011010000011001,199
0001110100011000,199
0001001001000111,199
0001000101110001,199
0111000000001011,198
0110010010001001,198
0110010000000111,198
0101110100000100,198
0100010101100001,198
0010011001100100,198
0000100001011011,198
1010011000100100,197
1000000000110111,197
0110110001000010,197
0110001000011001,197
0011100001000110,197
0010111010000010,197
0010001010011001,197
0001010101100010,197
0000111010100010,197
0000011110001100,197
1010101010100000,196
1000111100010000,196
1000101000010101,196
0110110010010000,196
0000101001110010,196
0000011001101010,196
0000010101001101,196
0000001111010001,196
1100110100000001,195
1010101000010001,195
1000001000010111,195
0100111010000010,195
0011000000111001,195
0001010010010011,195
1110000000001101,194
1001011000000101,194
1001001001000101,194
0110011000011000,194
0110010110100000,194
0101100100100001,194
0101100001001001,194
0100110110010000,194
0100110100010100,194
0011101100000001,194
0010010101001001,194
0001110100001010,194
0001101000100101,194
0001011010010100,194
0001001001001101,194
0001000001011110,194
0000011100111000,194
0000011010101001,194
0000000001111101,194
1010010001100010,193
1010001000000111,193
1001001001010001,193
1000110111000000,193
1000001000011101,193
0111011010000000,193
0110011101000000,193
0110010010000101,193
0101001111000000,193
0001101100000011,193
0001101010001001,193
0001100100010101,193
1010110000110000,192
0110011000010010,192
0010100001110001,192
0001001000101110,192
0000101100000111,192
0000101010001101,192
0000010010010111,192
1010100011000001,191
1010011000000101,191
1001010000010011,191
1000001001110010,191
1000001000110011,191
0101010101001000,191
0100101000000111,191
0011100011010000,191
0011001001000011,191
0010010000111001,191
0001110110100000,191
0001101110000001,191
0001100000110011,191
0000101101001001,191
0000100001011101,191
1001101000100010,190
0110011011000000,190
0101010100010100,190
0100101011001000,190
0100010101010100,190
0100010000101011,190
0011101110000000,190
0010110011100000,190
0001100001100011,190
0000110001101010,190
0000010101100011,190
1010011000001001,189
1001111010000000,189
1000011000011010,189
0110010111000000,189
0101101110000000,189
0100010110000011,189
0011001000010101,189
0010011100010100,189
0010010011100001,189
0010001101000011,189
0010001011010001,189
0001110010100010,189
0000101001100011,189
0000010100101011,189
0111000011000001,188
0101100001010100,188
0101010010001001,188
0101010001001010,188
0100110000011010,188
0100010100110001,188
0011101000010010,188
0011010000111000,188
0010010011000011,188
0000110111001000,188
0000011100101001,188
1101110000010000,187
1010101000000011,187
1010011010000001,187
0110110100100000,187
0110010010000011,187
0100101000001011,187
0100001000011110,187
0011001111000000,187
0010111100000100,187
0010111010001000,187
0010011011100000,187
1100101000110000,186
1011100011000000,186
1010111100000000,186
1000011001001100,186
1000010001100011,186
0111011000100000,186
0011001000110001,186
0010110100010100,186
0001010100001011,186
0001001001100101,186
0000101010001011,186
0000001100011110,186
0111010001010000,185
0011001100010001,185
0001100001000111,185
0001011100100010,185
0001001101000011,185
0000011010010110,185
0000010001111100,185
1010011001100000,184
1001110000001001,184
1000110000101001,184
0110010100000101,184
0100110011001000,184
0001010101011000,184
0000011110010100,184
1010010000010011,183
0111010001100000,183
0110101110000000,183
0110101000011000,183
0101011010100000,183
0011101000011000,183
0001010111000010,183
0000110100001110,183
0000100100010111,183
0000011111000010,183
0000010110011001,183
1011101000100000,182
1010011001001000,182
1001101000010001,182
1000110101010000,182
0111010000110000,182
0101001100000011,182
0100110100011000,182
0100101100001001,182
0010110101100000,182
0010101001001100,182
0010011000101100,182
0001100111010000,182
0001010011001001,182
0000011101001010,182
1010010001100001,181
1010010000110001,181
1000101000110010,181
1000010001011001,181
0101100001011000,181
0101011000100010,181
0100110000011100,181
0011011001001000,181
0001011010011000,181
0001001100010101,181
0000101011010100,181
0000101010011100,181
0000100001101011,181
1011101000010000,180
1000011001001010,180
0110010100100001,180
0101100110000001,180
0100110011000010,180
0011010001100100,180
0011001000010110,180
0001010101000110,180
0001000111010001,180
0000101010110001,180
1000110100100001,179
0110010000001011,179
0100010011000011,179
0010101011010000,179
0010100001000111,179
0010011000101010,179
0010010001001101,179
0001100000011101,179
0001001011010100,179
0001001001101001,179
0000011110110000,179
0000001100011011,179
1101000000010101,178
1100001000110001,178
1011100000100001,178
1010110010000001,178
1001011000011000,178
1000110001001001,178
1000010000110101,178
1000000001111001,178
0110110001000100,178
0101010110010000,178
0100011001001100,178
0100001001010011,178
0010101000100011,178
0010010101100001,178
0001100011000101,178
0001000001111100,178
0000101011000011,178
1001000001101010,177
1000010000101011,177
