0.0397458999459,0.183315153933
0.819835072811,0.843625672503
0.642781177054,-0.331839806324
1.29336439082,-0.187226018808
0.570848666418,-0.295617774001
1.11508920394,-0.901387380214
0.267847838054,0.637611017867
0.759589998787,0.365608192928
1.48422763956,-0.388572665492
0.0891033401387,0.000470566244257
0.084664637278,0.803056035917
-0.693432029672,0.672765920729
-0.0253314964069,-1.0206948252
-0.381408565935,0.691269974269
1.01662498068,-0.0457344282458
0.942233660482,0.207392027356
1.4122911462,-0.301959561528
0.643547852693,-0.265523070568
-0.393227390844,0.378006396246
0.269434677281,0.320512508335
0.839874237192,-0.547179465176
-0.40100403893,0.76328057807
0.807753793,0.11632036337
1.40250206616,-0.271832541646
0.0908756953875,-1.41266244545
0.279792703511,-0.048299949174
0.857605026592,-0.263195300981
0.087950138726,0.476864274363
-0.0637016501926,0.309506572519
1.06290121451,0.898283064238
-0.0508905928593,-0.0923724641627
1.83299457336,-0.0790196327552
0.8697560106,0.449595009132
1.34500799732,-0.973478477842
0.898396409027,0.26821861783
0.710907576119,0.548624677393
-1.87709227684,1.36428424837
0.686091447147,0.967034638022
0.183725021639,0.730770984754
-0.260817344127,0.47598996402
-0.498256221231,-1.04747002289
0.329518673511,0.355423479554
0.92398891731,0.350991298848
-0.320868652051,-1.19389369763
1.01486287414,0.145618536956
-0.0658851691947,-1.49773965261
-0.766220741332,-2.31465732741
-0.824537141636,1.05256188629
1.40363567746,0.66041946632
-1.27177814625,1.11259038292
-1.20890598804,1.02099303928
0.825493778244,-1.14574860809
1.26767553499,0.792527690235
0.0984439007625,0.0633742607815
1.01770625861,0.0542138669767
0.353068790611,1.07594109229
0.13920420837,-1.14021475921
-1.37879198604,0.0818423008118
1.64985201023,-1.2812471255
0.320579907279,0.075068801602
-0.672306863852,0.992024236322
-0.533298199911,-0.852505977004
1.0904052889,-0.136142112135
-0.0352260563072,-1.20595582108
0.130153531629,0.192461974103
-0.0162099682615,1.07137355498
-1.47464201657,0.141318375288
1.07738220573,-0.921345870155
-0.849023211564,-0.429311795951
0.759435072405,0.232396825273
-0.872784347232,0.640655792639
1.67456780088,0.215069723781
0.832179202105,-1.29955929769
0.643323782736,0.492059924916
0.250820393824,-0.892850279995
0.343408720023,-0.233952448985
-0.58985585574,0.664365888055
-0.606210753887,0.890420549321
1.00235351842,1.16140660237
-0.144932705069,-1.14824570285
1.58499316035,0.543028455022
-1.36630406868,-0.296916207266
0.652282422654,-1.08372332154
0.774210069805,-1.41675387772
0.173293579533,-0.173035750703
1.00489750663,0.828089828844
0.281104940904,0.611329015571
-0.256211008792,1.04996244318
0.148883826113,-1.96871838023
0.000594180328497,0.086435024308
0.395058821622,0.077031099373
0.184824924311,-0.686614056689
1.2028150407,0.678142514281
-0.0823020241734,0.807005366261
-0.792331427693,-0.659742044126
-0.570393011786,-1.84006141114
1.72295785895,0.425780174991
0.411490309361,1.1685870426
1.78356828282,0.121009762191
0.762289718284,-1.25377305446
-0.0694446548235,0.771481762419
0.964699327028,0.0100066542743
-0.523738005122,-0.584639187103
-0.541685755753,-0.480616523941
0.942459937432,0.123436476496
-0.21012173285,0.217000987843
1.57214398854,0.652680556077
-0.528850649268,1.37315988996
0.14655190645,1.34262319192
-1.91100031999,0.42696513798
1.52991287261,-1.28420467982
0.322869390881,1.30860777275
0.593824966874,0.90063618606
0.398335337046,1.21406527291
-0.850944938709,1.2824997129
1.31028466308,-1.15311647598
0.410324473565,0.683333832308
0.125846790656,0.531597468776
0.0955887608713,0.638567621455
1.36254506265,0.193238409753
1.680809213,0.487915841671
-0.216190075314,-1.40765319924
0.0821792135829,-1.67949185772
0.601348026139,-1.40994434644
-0.358607919267,0.554513212205
0.206200433992,-1.21640573654
0.513804264751,-0.11361659296
-0.499254253084,-0.708192025136
0.0194320635453,0.722981720881
1.15129241884,0.897850142814
0.41202693042,-0.424525048503
0.748939578617,-0.00677924823031
-0.608477292746,0.311502907411
-0.678914913581,-1.28790842468
-1.22525255099,-0.824244996383
0.167013281471,-0.0476980830489
0.992736957427,-0.278613159424
-1.1899760384,-0.390963503645
0.545960704877,-1.18616658592
0.985372734236,-0.191684800999
1.10557136738,0.362469298818
0.181986290699,0.903332323168
-0.642824124059,0.563181965676
1.8118375677,0.262339166801
0.995873795115,0.282851265142
-0.259893812192,0.575312511799
1.8079657214,0.356779080097
-1.02433434655,-0.904970148278
-0.488355329105,0.777105643428
-1.0242060462,1.21818005351
1.24454764324,0.552422945017
-0.0722885792318,-0.555655243976
-1.10841844648,-0.366246092109
0.257199290552,0.914566537932
-0.0145867116344,-0.761873382049
1.25608714757,1.04757565472
-0.197132824142,1.31478962696
-0.34442743839,-1.6747978724
1.31949417092,-1.117410691
0.188539652663,1.46459392158
1.11433995226,-0.494076236958
0.456204020757,-2.2620195135
-0.63548735819,-2.18145538271
-0.184051475956,-0.0163632436983
-1.07607266592,0.825629943085
0.702830642553,-1.2863263357
0.520969945511,1.0109713394
-0.88365952792,0.474302213057
0.470809533079,0.0497124513738
1.01689746833,1.00396354636
-1.22631712585,1.37770682988
0.145720443153,0.341122690857
-0.187425357027,0.320519550259
-1.29365668184,0.778765208243
-1.57555753793,-0.0717710300026
0.186302245379,-0.397685165696
-0.703996782526,-0.405110974341
0.783090367333,-1.16514881321
1.37560836038,0.781015683628
-0.648624616926,0.738628962707
1.13252935451,0.445411588319
-1.01373127412,-0.0495907168238
0.920400823792,-0.143946117447
1.60429266659,-0.402311048888
-0.185930432411,-1.68773750895
-1.15078656051,-0.709796014095
1.46288193529,-1.27331898797
0.213109327827,-1.5216736675
-1.13425854024,0.089166599058
1.7563438068,0.120443418321
1.8530198786,0.00744743775536
0.20805045741,1.28802182666
-1.85134386866,1.52094887814
1.0506355926,0.686199717649
-0.594438884669,0.440541596571
-1.33135955495,-1.02616131576
-0.668968420998,-0.148052333261
-0.722997842731,-0.968774443965
-0.810923736396,1.2033241296
0.959001375523,0.46485102643
0.885993448016,-0.0418744210563
-1.89661766377,0.0310557593515
-0.898827162368,1.17485862761
1.08067932411,0.954855878031
0.748278904552,-1.85937311361
-0.954273353861,-1.41476808815
-0.842778387391,0.881368484813
-0.512456956932,-0.75931301204
-0.463130021199,1.25924456727
1.21260859701,-0.0428447805895
-0.080498801263,0.530711088992
1.68117789951,-0.479931563129
-0.791066367997,-0.030385311016
1.32208122848,0.0849113387097
-0.574014278767,-0.507540991194
1.14097924312,-1.49849710215
-0.621486404836,1.07437143328
1.07400133393,-0.297408896336
-0.0397302162554,0.212029716794
1.10465284216,-0.0422608232416
1.38473531838,-0.207137688583
-0.568816854813,1.50433577852
0.260128528276,-1.03930259534
-2.34042292273,-0.588001460542
0.198317643257,-0.81740277678
0.523148137457,-0.195996780759
0.081227398232,-0.659941340705
0.905161078494,0.417740722562
-0.721828375236,1.59947420793
-1.20840927636,2.17425592618
0.748222783092,0.978532613127
-0.560215122759,0.0909543567204
0.472387165159,-1.37259705703
0.489947584388,0.883155331506
-0.128010268244,1.29384325654
0.609310904781,1.10382745153
-1.44081618851,1.26295135478
-0.696324451935,-1.17428887684
-0.405701537526,-1.55276372228
-0.499840324963,1.34356285259
0.0773791631145,1.0134500136
0.205842022784,1.02119412663
0.182158899254,-0.334074986619
-0.0689221899413,1.20552260326
-0.402633071718,-1.22802516222
1.37564299306,0.718129715271
-1.75873203718,0.490594537091
0.842448010541,-1.74975484374
-1.02323075012,-1.18438132396
-0.900355120483,0.743521652653
0.171755265651,1.15912977474
-0.790245171032,-0.752804244096
1.47659894017,-1.5997388096
1.84218374116,0.921217572477
1.15449391292,1.48043078606
1.44954828273,-1.12704221402
1.52585698908,-1.31451366173
0.841250406704,-0.510354473628
0.520679626245,0.768760283384
0.377142533527,1.44299039172
-0.350243800791,-2.25488776358
-0.882978561916,1.24862203598
-0.419954730142,1.2780908419
0.427958180104,0.744258291769
-1.29519678136,-1.31842566377
-0.466955151489,1.43089245684
0.0526225791762,0.413823564522
-0.504445583819,0.953608900046
-1.23998236214,0.727550487598
-1.57626080857,-0.339340713482
0.359647117029,-0.77447801685
-0.63973775029,-1.25803674983
0.922682083288,1.30289340144
-1.60693910089,0.220235675824
1.33398002204,0.288203951383
-0.212724894537,1.12369840837
0.100123590513,1.42372266873
-0.120838796679,-0.564979833398
-1.25753793176,0.0777636646968
-0.0833165579549,0.0752276680701
-2.35674278369,-0.206038730444
-0.863120363324,-0.465908614531
0.389457312,1.07194532057
1.122442905,0.862450678935
1.50940619244,0.193449790543
0.225898286935,-0.0572331267301
-0.411054811576,-1.78860373144
1.51111343163,-1.20031756563
-1.50384537712,-0.763291930816
0.460558109354,0.239698285292
0.968122992807,-0.109141105918
0.65714455863,-1.64074796098
0.014591906391,-1.30914208432
1.07112783004,-0.036892595325
0.165308884094,0.915167092469
-1.21458541047,-0.361117625698
0.47369065375,1.32143765534
1.67409856204,0.311883353146
0.654423417241,0.903090237762
0.0195835746689,-1.18723401559
0.74798083185,-0.186833610318
-0.61980684607,-1.5034286156
-0.923223253132,0.974891240273
2.13252024424,-0.407379424423
1.40595212562,0.927897455904
1.22161003153,1.37027028972
0.539599147655,-1.72805379094
-1.11544859896,-1.8970289326
0.0716106003372,1.69979568232
-0.601936630607,-0.175925522349
0.159874230208,1.48080669731
1.33194027965,0.825098925967
0.18642171553,0.210827849735
-0.972372607783,0.650767740491
-0.484211032264,-1.14949171572
-1.08412595398,-1.07096910564
-0.714456520984,-2.00725056172
0.440257313504,-1.44213392338
1.47054965646,1.2004096747
-2.01670462753,-0.306187844558
-1.75334742735,-0.179280813397
0.0894269637584,0.59614596821
-1.02215610108,-1.89059249496
-0.774487027483,1.69980329208
0.989409866441,-1.36196334317
-0.423591156243,0.113468840344
-0.56184372744,1.30760348442
0.544411618277,-0.530630656045
0.847910082685,-1.63774850301
0.657562527929,1.72515456613
1.85127154933,-0.0585637520062
0.147872382826,-0.879474939203
1.52700679964,0.518542186446
1.40956540815,0.576516917297
-0.269747084594,0.661704563368
-1.08006526095,1.04801060442
1.25209484815,-1.00129038008
0.884805342188,-1.26319906483
1.30658268678,0.417680266538
1.86385506833,-0.0277565199565
-0.0301871760077,-0.343619940641
-1.80459300231,0.343253253192
1.09442419476,0.565774249271
-1.40696498832,-1.0896269
1.73282278347,1.04366044796
0.0284284517275,-1.64339988941
1.49416941269,-0.292403439994
-0.103477843734,1.98206269603
-0.664652080789,0.510676614996
-0.5572787558,-1.73948294469
2.04146345243,-0.10713880976
-0.546373262859,1.49460198889
-0.896598930329,-1.4538711809
1.94959575622,0.79585181746
-1.14469069149,0.90419230471
-1.69463564415,1.36577671515
1.19235157132,0.508728992721
-1.99595583318,1.44197770937
-1.37061361873,1.44388006178
-1.67889226589,-0.33158181295
0.124442955674,1.55925861773
-0.0352634954965,0.389676991801
-0.46436742056,-0.993160015754
1.76775570697,0.0884034383418
-1.17765068597,-1.57493708752
0.510035941056,1.40075674576
0.183293442474,-1.28811905156
1.79917211317,1.60524076258
-0.487762209756,1.07321850781
-0.789313984903,-1.85659923592
-1.18324941378,-1.38640147502
0.581636494424,0.610517817362
0.459901114333,-1.16632440132
0.830883888274,-1.63228647867
-0.09146945924,-1.20080284007
-1.67778712554,-0.0283620229238
-2.16657346973,0.270157890103
-0.538354584744,-0.911266232242
-1.9643225214,0.0718153050127
0.258174877385,-1.53393405155
1.27536248257,-0.828402416702
-1.38817168034,1.16869926296
-1.6089233059,-1.27033668173
0.136144406165,0.275091694013
-0.898741159615,-1.51225779367
-0.790038760924,-0.938714698267
-0.860841810321,-0.807786359387
1.0229316343,-1.32491993319
-1.11133659028,-0.915283467015
0.358742203381,1.45355189183
-0.944020021159,1.53786335626
-0.177808785976,-2.1565914342
-1.5150791417,-0.306335964691
1.02896792668,1.06960766984
-0.339807898667,1.80997465069
-1.55320851483,-0.538426986791
1.75831646865,0.0493527872053
0.697176094649,0.437518879162
1.20222372538,-1.45797172077
0.472582808501,-1.57169057588
-0.56395684101,-0.446296933271
-1.35689563189,-0.626970788128
0.286089294031,0.191071619794
-0.71406212557,-1.01728378404
-2.12037378276,-0.309202759122
0.255401254135,-1.83943082844
-1.30546473703,-0.850700914342
1.15402345806,1.51495050488
-0.00793356966761,1.44964268415
0.683573206704,0.118665613785
0.185990537251,-0.743908064101
0.696893085307,1.01558386318
-0.630842524429,0.487916744993
1.72204686646,-0.354724654531
-0.50615568656,0.145963041145
1.24334082639,0.615698837999
-0.0627746449265,-1.41169240015
1.35567441796,0.489010892581
-0.766815409866,-1.04634388808
1.11547785028,-0.749061274484
-0.942149923372,1.67617314488
-0.0632853405834,0.902713135791
1.35622645895,1.05503513831
-1.35379238847,-1.45929525012
-1.4998172409,1.09957276422
-0.888008404558,0.0172537216533
0.321290076242,-0.323433168974
1.09284305655,1.18997679692
-0.469993952114,0.63404217448
0.891594569997,1.60598393498
0.547390063784,-0.760217325363
-0.183140211007,-1.55604888518
-0.0485950656256,0.580570586911
1.12715025733,-0.985605259171
1.93232739994,0.207511232262
1.35335920561,-0.948108079817
-0.620361878908,-1.61934969392
-1.54603685443,0.383792539802
-0.358164395588,-2.18997285291
1.90432937748,-0.904949614352
-0.221999316579,-1.04196822089
1.54495910064,0.0846687014384
0.194346149933,-0.605254621968
-0.780779177092,1.54565260391
1.08859111508,-0.790108975556
1.2946032625,0.216371909485
-1.32941034062,1.00945906122
1.49494029103,0.647822893794
-0.188813347186,0.861843854036
1.36937667201,-0.154747431424
1.01751552321,-1.51646251221
-1.1290347054,0.013485463447
1.48895706158,0.413933001196
-1.16575826265,0.841926619084
-0.847410265015,-0.0746275441047
0.639005740167,0.229005780863
-1.8192171929,-1.26887625607
1.57369187566,1.23975157095
0.457075455048,1.26319957614
-0.50203544642,0.502575161536
-1.24488617962,0.208086635874
-1.82441521651,-0.737145599435
-0.479625391652,-0.552049158061
-0.666783306363,0.813850683178
0.45546472742,1.7454627758
-1.379561583,-1.83885896396
0.778041946426,-0.69802546956
-0.032642744117,-0.897150630239
1.20146608654,-0.870583492366
0.147315307131,-1.04409023834
1.61202623255,0.226428473087
0.313372697206,-1.52580847731
1.84392435889,-0.677741872886
1.44324802383,-1.16752136446
-0.951960767422,-0.472543189936
-0.0045211436221,-1.37459238664
1.08930570644,-0.230607520519
1.17548503512,-1.0592699232
-1.25061528269,-0.744225749668
0.555907571153,1.07304306722
0.233123631109,0.68230223181
1.6204116767,-0.382072657692
1.42875835841,-0.0720038360693
1.48418917456,-0.331890741722
-0.411956785016,0.0380635764489
1.222097472,0.17908342097
1.97033344036,-0.75682124502
-0.435584637676,1.70852022422
-1.63049844308,-0.854151285253
-0.241909768229,2.46191612574
0.981290342568,1.31399557783
-0.13610131712,1.06385918306
0.206289787491,-1.68984673319
-1.84405909679,0.564371736182
1.90931510323,-0.225273284689
1.29612469208,1.12667875124
1.3393139741,1.40710128353
-1.83684070016,-0.302906094813
1.33046862914,-0.871312538751
0.954492080859,0.750655365526
-1.6735682225,0.0959638674346
-1.03551965068,-1.41345211999
-1.44097031912,0.223918401358
0.388027315378,-0.122283239826
0.207698676081,1.71537224561
1.35062625409,0.0517926664416
1.93116643365,-0.174421762999
-1.93519724033,-0.402522348933
-2.07366023766,0.115951815324
-0.107637979501,-1.8561817355
-0.995384939487,1.66563111692
-0.966216774579,1.02263941344
1.34389340308,-1.36443239731
-0.400636542014,-0.904752993653
0.452043728965,0.960130490269
1.45781546764,0.788175592246
-0.0546290758662,0.963742034137
-0.23649110845,-0.561936202435
0.278053970326,-0.843510134533
1.40837248163,0.175688151565
1.21087159064,1.56825302428
0.884735243806,0.335012457412
-0.886205461433,0.672391171128
0.204482094199,1.55772593328
0.394411334536,0.914683553706
0.611788747304,-0.977894446294
-0.940858494261,0.408127555769
0.482763161639,-1.41260731476
2.08652075028,-0.193169371183
-0.985993372611,0.768258174902
1.07425111256,-0.753024577086
-0.726559171035,-1.41269622592
-0.0867940782415,-1.87454696309
-0.521918750036,0.827557484599
-1.51119080619,-1.22489033971
-0.44700731974,1.50554205661
1.19216399489,0.944753443761
-0.751565555712,1.58931335895
1.92282761011,-0.978910599417
1.01392837424,-0.313278349694
1.36862546653,1.48531496467
1.60024265688,-0.244907620572
0.895253346201,1.43775030618
-1.13636292865,0.300439066129
0.386784981403,-0.364698088858
-1.14807222031,-0.289219914054
-1.14222405697,-1.15185127084
1.44196559195,0.564734692191
0.539793508832,1.80623343458
0.824316626607,-0.414936326685
1.5395260421,0.775472458184
0.0743354058776,-0.109037929187
-1.37177010083,-0.96653900877
0.602694441561,0.42504234233
0.505325813282,1.84994867824
0.753396508448,-1.05956360959
1.18880628514,0.272000623791
-0.00962112809985,-1.84545360838
0.501104371017,1.73270652415
1.84687884703,-0.781259020498
1.83915376414,0.562347904138
-0.923716278685,1.21516861073
-0.687512856956,-1.60163672381
1.02509983318,-0.452606352139
-1.1224382426,1.08588269889
0.702216196602,-0.84687847922
1.4420384607,-0.131686819282
-0.397292584085,-0.666464925699
-0.462570960176,1.83987917946
-1.38309230363,-0.886585696407
-1.63719008761,-0.275216049493
-0.760792289262,-0.222714944053
1.06687215691,1.4777240121
0.198744839295,-1.86748531369
-0.889287249603,0.518242841491
1.29344602336,-1.07280652932
1.67097487931,0.85938524525
0.788402305947,1.59155971882
-0.512074238097,0.590975569212
0.234307391804,-2.22922629934
-0.416957331232,-0.18588989986
1.77651731664,0.220503833812
0.6418936448,1.41542261572
1.4599319741,0.0822301571006
1.80708226584,-0.437531634717
1.58874455029,1.13451623016
-0.724883824917,1.67598537646
0.431819139025,1.80850910103
-0.818410081374,1.69122882157
1.17994371062,-1.50919533474
-1.62752172994,-0.811293174451
1.34757989915,-1.22854658544
-0.466597992769,-1.56880834419
-1.19175113894,-1.13124029201
-0.929401259626,1.47770405518
2.12593047566,-0.309897146816
-1.38699850809,1.69733470478
-0.747748093395,-0.107683116879
-0.431370319323,-1.94750091362
0.795686213922,-1.68366634389
1.76914782807,-0.604274722914
-0.343928710604,1.53906268076
1.47134812645,1.00984648348
0.771629632909,-0.799053745952
-1.52520524502,-1.42769811947
-2.17937062856,-0.279977740464
-1.39722016914,0.966647122147
-0.591975393936,1.35062328943
0.719661549095,0.704613399937
-2.21173108049,-0.172278719701
-1.70063391288,-0.572452364664
-1.55781513017,-1.84542715108
0.461011075336,-0.426724407015
-1.56093629184,1.19424359755
0.852031554582,0.585682963252
-1.1951350966,-0.529745710257
-0.2812747886,1.83894475082
1.04168260049,0.3178000867
-0.362211620812,1.83583033491
-1.29021731356,1.06032765188
0.54921395458,0.599105572679
-0.270250790268,1.24115960608
-1.38998893844,0.2787296038
-1.47604208351,-1.28226365074
1.80232139259,-0.599133991871
-0.333781597167,-0.231399050914
-0.66240605758,-1.66614174738
-1.52796033892,-0.242495337098
0.481510936371,1.2055069228
1.56069379518,1.21099264011
1.62793722355,1.27032495585
0.472326337838,0.745402657073
-0.735781802325,-1.28604038219
-1.43449824415,-1.08180941547
-2.00796408789,-0.0959090708118
-1.88764995837,0.518624594699
-1.22351822261,1.66189550316
-1.84480677789,-0.00414299802067
1.90246049597,-0.798526596643
0.194381336969,-1.01378257803
-1.05689890062,-0.150038285378
0.514022165918,0.962388885523
-0.595086585986,1.46836529583
0.0900042027644,-1.72878199078
1.3970822284,-1.51621331654
-0.212167375077,-2.06411995408
-0.818625695558,0.752675235932
2.27543889755,0.193751539546
1.78611859554,-0.243572344359
-0.912534273526,-1.81923426121
1.16448195941,-1.33859474375
1.21793907152,-0.253524014615
0.967134060604,1.70109501223
-1.73085742097,-0.265205223823
-1.3125558265,0.171015519237
0.308162920087,0.261441250658
-0.105798336991,-1.12864860196
-0.651281628609,-0.550978113669
-0.740055256576,-1.22230472072
0.416681425261,1.52948166428
-0.819003623381,0.436587056772
0.932557747684,1.15365314328
1.1815341283,0.363410653813
0.900728349107,-0.801225044213
1.14340256386,-0.783013286309
-0.391172558918,-1.34083896385
-0.487561152732,0.199310703687
1.71579338233,-0.515983777212
0.507810417975,0.42781314487
2.03555176933,0.221724574401
1.23023964564,1.71552207335
1.4259386841,-1.41532698057
-0.823024822833,1.07570730819
1.57296702037,-0.747213415338
0.719183516931,1.82569794015
0.241208120978,-0.467892140569
1.18982431583,-0.525645421185
-0.0070029910758,1.11959272212
0.457644963483,-0.741739834987
0.109806800115,1.80533876033
-1.36203106683,1.64703894822
0.264058167557,-1.10306282538
-0.614304486206,1.01737815108
-1.02006776962,-1.84278237171
0.508485368223,-0.983891079918
1.72462145626,1.08566055587
0.0440701199528,-0.339398035032
-1.9928124355,-1.12862312508
-0.194358790191,1.00002367779
-0.589999691111,-0.767275742507
0.567669544375,0.268371469333
-1.42460646409,-0.89004548674
0.512384940436,-1.87273214845
-1.59075581323,-1.72846835917
1.74677152421,-0.329101222542
0.616918217548,0.0144289937383
0.790688640534,-1.50526835865
1.41560301671,-0.403699703415
-1.04790176837,-2.02763858264
0.400365039863,-1.08139904679
-1.76909926958,-1.18644375135
1.83672198351,-1.25215087242
0.472473192163,-1.23009309815
-0.0954534623969,1.25294322276
-1.26584894425,-0.300374640261
-0.96273943245,-1.03612831006
-1.50697557159,0.876151091944
0.43062113313,0.533250921831
0.688194849984,1.71333835331
-1.55339934228,-1.21290541643
-1.6559833609,1.15714044127
-0.584729394802,1.69128747591
-1.12181493092,-1.65918515945
0.131847184191,1.25300625713
-1.22890810152,0.422720214472
0.476145321336,-0.939544693234
-1.6059548311,1.07736898955
0.731112476068,-1.90425623791
1.81560015048,1.27726471028
-1.03324952267,-0.46264999843
1.81342483994,1.02635622558
0.157708687681,-1.8006960252
-1.39113938797,-1.5319518963
-1.70908549968,-1.05396805901
-0.010241774504,-0.247940295185
-0.288245557317,0.286665989267
-1.32247402481,-0.363108504542
1.05868513925,-1.78412235748
-0.440340369542,-1.12396479846
0.837656669519,-1.4552252594
-0.476996575289,-1.09959890071
0.188591321396,-1.73827513256
1.97765177676,-0.819085667078
1.93627592913,0.50184210157
-1.38248980179,-0.0554952113459
1.41851623527,1.11662927778
0.096675539256,-0.740838276718
-0.247008218756,0.864660733326
-0.512869581525,0.356946140574
-0.918996573405,-1.88041123197
-0.666543646079,-0.251173674202
-1.59636354733,0.33066813692
-0.546386758509,0.912619397204
1.72979844801,0.50777940013
1.88522395979,-0.182922433028
-0.436371877466,-1.70449058903
1.35627480992,-1.66056444597
0.245921611515,1.99030570918
1.36495682992,1.29941458784
-0.45878590722,-0.873850571881
1.05138045646,-1.45009773607
1.20461010357,1.01749267262
-0.668922826388,-0.42814984512
-0.584195797152,0.761673652484
-2.01760489664,0.127371208772
-0.863967366335,-0.927979688394
-1.80948375777,0.117204172109
1.31233276824,1.39110359755
1.11541903039,-1.58150029213
-0.0122161754666,0.463244196954
-1.35262485939,-1.51004426234
-0.430390053352,0.273412713429
0.280935919281,1.76431839149
0.449487390903,1.95915725677
-0.601586395931,0.227403308335
-0.566687374813,-2.02483750663
0.52900385912,-1.03844487606
-1.80357126366,0.441159088337
-1.84573304583,0.492511652281
1.18150074919,0.77434655619
-0.446094209081,0.855525104465
0.0681156215576,1.83199488559
-1.40323614523,-0.144323768316
-2.03480710571,-1.19895648022
2.21131171902,-0.446688215239
-0.156886532715,-0.853795672406
1.40716637179,-1.04624215616
1.69787617472,-0.123252901224
-1.02589986318,-1.54616193605
-0.167016306036,-2.35662146162
0.0119695413657,1.31456088955
1.13616611059,1.63612744843
-0.243556128281,-1.97030208808
0.135235233261,1.62893606326
-1.88286400359,-0.438195971394
-2.4588599667,-0.0324710264872
0.276144000923,0.481197446738
-1.40408662386,1.09598343354
0.894033435298,0.901411388253
-1.03485543833,-0.747938465552
1.45186556505,-1.64724941317
0.64990836759,1.10048672824
1.56677915015,-0.917018360054
-0.160552293827,-1.08176176444
1.6043396542,0.354434941023
-2.35430482273,-0.15170960678
1.70937074715,0.664688771414
-0.95834404898,0.366307412463
-0.499113756053,1.9457290046
0.584719298326,-2.09765671604
-1.27214770176,-1.66097961912
0.592332340465,-1.99362845386
-0.904660779559,-0.479535398571
-0.384174643162,-1.3843992014
-0.215039054375,-1.95384009982
0.304019170271,1.63408827254
1.92111474459,-0.92045605421
-0.641004318116,2.01594127145
-0.978446393898,1.76184840358
-1.16454960103,1.17251388048
0.36425679979,-0.689686443442
0.317757613274,0.01337684293
2.232213966,-0.185742577762
0.892610924499,1.79263508551
-1.78107222384,-0.400291989066
-0.977096799287,-0.594990481139
-0.0302009833024,0.645361255523
2.02528079221,0.769153656866
-1.10399803284,-1.25582376736
-0.0994064298933,0.962739021417
1.61802286959,1.06987017884
-0.83762952867,-1.04485345647
1.49507339773,0.29608524622
-1.182264196,0.691727949573
-0.494828242412,-0.588423600409
1.43115879961,0.0386091051171
-0.116302081101,-0.644894954191
0.162076794991,-1.44229505482
-0.924012523787,-1.61288676434
-0.509862712946,1.3090608168
1.13695739385,1.2370522515
-0.809520314583,-1.48718093385
-1.81952673154,-1.05335786086
-2.08887475159,0.435744891242
-2.13731821967,-0.342774643832
-1.36371661081,1.28223949034
-1.16823861249,-0.344852222461
0.189287642662,1.85752471032
-0.803621564242,-1.31304067711
-1.85372450075,-0.670167247584
2.12813302871,-0.261939067
1.51969082528,1.31493981437
-0.296132246386,-1.72194023952
0.0830550160146,1.5086253319
-0.870877775819,0.291310714316
-1.78406452682,0.568932471396
-1.41394946922,1.86657899603
-1.09702621399,1.27590430953
0.296353324086,1.94895113118
0.613867665756,-1.72890299577
0.735401526304,-0.390590607287
-1.00146462641,1.52869233544
-1.5565832559,0.939114269152
1.28687574362,1.4049332029
-0.577842013608,0.597074224122
1.48903558835,-1.52736750111
-0.083382481891,-1.65027078012
-0.0777576030797,-1.28583826972
1.23599410808,-1.12963279415
-0.780345197995,-0.871383793153
-0.686607239032,1.5603659607
1.33675094182,-1.27244517298
0.0772104821916,-1.77006674843
-0.0586495303454,0.0940260345086
-1.78733471111,-0.864187352442
-0.228370811133,1.78976243817
0.184424328037,1.32684174272
-1.22962419009,1.50507312372
-0.120568301535,-1.59433300574
0.79447201107,-1.02518637894
-1.60173353673,-1.34892921952
1.87514537774,-1.04092115127
-0.336547647735,1.25595722686
-0.208283213068,-0.309892414595
-0.211348531258,-1.73356534834
1.43345761758,-1.50131197608
0.283094058232,1.05033677621
-1.48290520903,-0.410299025382
-1.10582532257,-0.114259446806
-0.639459500557,0.935294471507
-0.761868498847,-0.348966810584
-0.413066655152,1.16135298259
0.623691680049,-0.919246464413
-2.28014900959,-1.04959502635
-0.829825980147,1.52139407076
-1.13994669609,-1.73183319154
0.635049313004,-1.16946940937
1.97851059198,-1.25741032644
0.993997100914,1.58477262533
0.436409145804,1.91705941377
-0.847660894792,1.39311702737
1.62696565104,0.063811032028
0.60856538286,-0.822415562407
0.53897000706,1.37227850095
-1.26110697772,1.92478749192
1.25602145878,1.5384951749
-1.28707264787,1.30170085148
-1.48268098851,-1.04463588032
-0.257787254562,-0.724661230188
-1.29711549943,-0.197677854027
0.880756835501,-0.450000094644
1.40253980498,0.508691759408
-0.600751100544,-2.23445865844
0.345786085933,-1.20220896059
1.63837152323,0.426428021209
1.667301601,-0.336546789109
1.32959217052,-0.582377219742
0.874924094962,-0.223860961116
-0.554393151107,1.45709865173
-2.50230739581,0.137580351731
1.79998876475,1.09418974993
-0.222090688106,1.86752330751
0.312406053868,-0.663584824944
1.09373694344,-1.45969277672
-0.849104390508,-1.82912430742
-0.684013400902,-2.08062754313
-0.0548128282353,2.22464714945
1.58460204664,0.991481574469
-1.77954702604,-0.704707827508
0.262367187889,-1.31945298968
1.61563403063,1.21352689118
0.428852799957,0.318043360649
0.148015238567,2.00094273079
1.03934487461,1.80335518347
-0.939607290753,1.64376782263
0.616920687233,1.47284409368
0.959504802263,1.23847019171
-1.71374809043,-0.883088119704
0.92191774293,-1.69279359708
-2.33706131157,-0.0280306838648
-2.14835153102,0.252035438074
-2.02592428876,-0.339679417735
1.16587255957,1.81936197164
1.39991067039,-0.374906989069
1.23066581831,-1.19064522751
-1.19821813694,0.520698438937
-1.89164945218,0.0822182524589
-0.299934881123,-1.0842845162
-0.639904196178,-1.91488903047
-1.14100443876,-1.54928699577
-0.264278998229,1.63573987076
-1.51354562817,0.0742845240955
-0.375132113453,1.93400633018
-1.50126472627,-0.0683802694624
2.28253842789,0.155238750803
0.701895568216,1.87806205509
0.909783071287,-1.88317294757
1.86836913096,-0.859043507012
0.392028827124,-0.934314925101
0.345151251371,1.54966876088
0.851664157476,0.0232241263011
1.76213792178,-0.822035258756
1.02908616294,-1.22191616972
0.6452275218,1.56255450631
1.11000276371,-1.68403637148
-1.90662126648,-0.313651522559
-1.80499492243,1.09250528994
1.83120911034,-1.21815637966
-1.99702170557,-0.789474320479
0.569892026588,0.330113622166
1.98809474104,0.651298820197
-0.985707627824,0.165721380152
0.817998591585,0.530528617211
0.365118842862,-1.41236531076
0.0924809164149,-0.941619095541
-0.202303110515,1.47866644503
-0.908112460001,-1.03716212595
0.300841759206,-1.74091624014
0.622254518135,0.851689234782
-0.579217292019,1.26814176684
-0.756204810756,1.32339591312
1.95496654694,0.763243008698
1.31567303265,-1.54515164598
0.0461038736853,1.87328319742
-1.73151614807,0.619351014963
1.234330267,0.134024819639
0.253283758363,1.11905250601
-1.11970445312,0.0606303389006
1.11499540248,1.20406064474
0.899046742445,-1.9707336719
1.98524341566,0.984630751007
0.290804728706,2.03634900303
-1.43238508378,1.65455639171
1.29962643436,1.58575981262
-0.755915581267,0.225910583344
0.871785365455,1.6629315721
0.00534276359744,1.87227808496
0.245256759486,-1.71713671128
-2.21478183037,0.447270948923
-0.346548434207,-1.39648402814
-2.0439655485,0.579842938521
-1.71122338386,-0.742039143215
-0.994633947591,1.06603698791
-0.255428620666,1.70138604027
-1.80405364125,-0.0313565473204
-1.63982167526,-0.0471999042135
-0.618881182107,1.18605101177
-1.5701289625,-0.185351120126
-0.58418074085,1.14076985613
-2.30098735402,0.267941212051
-2.18125055853,-1.03015293204
-0.132343809012,-0.77925032822
0.142837004329,-1.57541741943
0.584747904398,0.758789954177
0.866508949048,-0.857349278553
-0.354508090167,-0.818778770156
0.806663170691,0.657687472981
1.05126802368,-1.68561513846
1.1268681744,1.37021574171
-1.03951539269,-0.243597261135
-2.07802166718,0.194475678136
1.86441621089,0.196652367895
2.1292352611,0.408447271743
-0.00306076703911,-1.58462438209
-1.35258272406,-0.435494091098
-0.294713559461,-0.977969934618
-2.05807441511,0.50142003269
-0.870391625842,1.85920835052
1.37348981444,-0.727227310195
1.67860637539,1.22583058566
-0.592851942662,-1.40936088535
1.78201439559,-1.09615473994
1.75714186839,0.937249090368
2.15576819553,0.110426534202
-1.74931182074,0.392876119201
1.2180311935,-0.186575894044
-1.20812228112,1.04666659076
-1.32077989455,-0.981844831086
-0.272672494114,-1.97895230916
-0.355427675385,-2.10349864645
0.773196715677,1.76382259425
-1.58875523736,-0.37449361878
-0.980159062841,-0.897431653507
-0.546385456701,-1.87545256373
-1.20062906421,1.21489221045
-2.25337512637,0.39479301508
-1.98934623414,0.516070235268
-0.160789555657,0.753188586755
-1.71140201812,-0.195576345054
2.00507091647,0.379418325662
-0.505147972305,-1.41270537338
0.611722172009,1.76837264167
0.565843903168,-2.07543398678
1.5226761155,-0.502712148881
-1.03993896454,1.7462248146
-1.98190854893,0.195143327184
0.629590134087,-2.29774842749
-1.50644989352,0.291860373001
-1.9323373661,0.720841056532
0.411133553631,0.210918637814
1.41359854946,-1.01500038417
-0.904640466294,1.93593906924
1.05977341273,1.36822439734
-0.111706918022,-0.471760989803
-1.58378107758,1.66597596604
-1.76385462297,-1.02574353666
-0.0680825178701,-0.720600439953
1.63563112634,0.286158973904
-0.366927607645,-0.713129756288
-1.79746042499,-0.769211404308
0.0433867199312,-2.39509025867
-0.283484660987,-1.2166257969
0.963363187696,0.0682146441842
-1.01082764097,-0.650595276104
2.09013773677,-0.31754317476
-2.17597163641,0.782848085689
-2.07949571802,-0.689241023414
0.59918256925,-1.24355702769
0.112494613959,-2.11333765952
-1.961352671,0.16545252462
-2.21851869959,-0.0503125535539
-2.07646531102,-0.162193987091
0.846721237017,1.68685785435
1.39499570638,1.1678151713
-0.539844727304,1.90884029448
-1.08721857028,-0.837826985392
-2.06585159534,0.332975860199
-1.28340648917,-1.48342948773
2.05181055559,0.564341723548
-1.62276896388,0.628693400495
-1.14427316101,1.45928146384
1.12663023898,-1.40681022344
-0.149775624329,2.01509766196
-1.56119405219,0.866608441888
0.478163365592,1.78890964858
-1.36270985036,-0.550070977371
-1.26793686353,0.139787828903
0.803948613784,1.08065134138
-1.60011623384,-0.562392116429
1.10916295628,-0.940263216652
1.42738335274,1.4344675746
0.537258139762,0.0936020745327
1.4710981128,-0.621342753623
1.95853784903,0.437580262496
0.892509774069,1.48136319311
0.531460331797,-1.87651368025
-0.26241682684,1.53636513303
0.0490338115316,-0.80662226496
1.86676276663,0.821784873088
0.026353234751,-1.01217172208
-0.658474350557,-1.38752268349
0.342006699841,-1.65351239295
0.334924414275,-2.08160282999
-1.1518985252,-1.30033426662
-1.85243698207,-1.31454893114
-1.98254271947,-0.680166996215
-1.9531056872,-1.00871815845
2.01509739271,0.107541573594
0.293196065508,-1.41310430595
-1.20366699522,-1.65280726878
0.464804196676,1.49002002199
0.214194328541,1.39343464116
-1.47539008366,1.65025048502
-1.56777511811,-1.28696771164
1.92724717126,0.915107335168
-1.25758248212,-0.606148534322
-0.0902521630992,1.83408209501
0.41997811067,-1.34732842527
-1.31191012183,1.58879277554
-1.04801693328,-0.515051402457
-0.92487565568,-0.302469672477
0.544813874934,1.91472939787
1.8820482382,1.04535050545
0.442919520499,-1.7944829262
-0.223347385198,-2.28629371225
0.140369040143,-0.290842219926
1.02400706096,-1.61382959822
1.54706309821,1.14408933493
1.49769742092,0.951580917648
-0.70299193144,1.76183044381
-2.07781756746,-1.20393221515
0.656475507755,-0.656191021384
-0.00765564958384,-2.16138523798
-1.87393250959,-0.540880893306
0.235535164644,1.82190094191
2.25599199173,-1.04011920623
1.62805516182,-1.03316622217
-0.193309543314,-1.34782503481
0.636979624273,-0.12097846299
-0.00333068631742,-1.96828799094
-1.75594113226,-1.41001108307
1.4615327655,1.3348826245
-1.47210976146,-0.481778553492
-0.510633957616,-2.00549979562
-1.31914230669,-1.24573442558
-0.924458786535,-1.1474169455
-1.01972749703,-2.08986757972
-0.395545454901,0.236432250937
1.00193069451,-1.25877336274
-1.62737336851,-0.994013565498
-1.87094095352,-1.28749437713
-1.6058327814,0.55301041411
-1.37302000993,-0.379341242754
-1.31116852322,1.46482768128
0.568218092861,1.1464615854
1.09228782184,1.33847374692
-0.550144325645,0.260902224802
-1.308045471,-1.58154236595
0.835770679126,1.33874406499
0.631895230953,-2.00312124642
-0.405144350431,1.35266837226
-0.698518893675,-1.44497797894
-1.36409995795,1.21529686513
0.644786017578,1.26566483926
0.652978048333,1.3848600767
-1.45658182106,0.0898840579829
-1.86571024471,-0.124210681062
1.61629316187,1.30874977815
1.71441488553,-0.0469863301508
1.62091598809,-0.0970032459591
-1.53336936503,-1.55868552198
0.111470292858,-1.35010475192
-1.30558967235,0.90229497859
1.40000429954,-1.73482730126
-0.97622714273,-1.31215332092
1.31968726549,1.48169713495
0.0852095492953,1.97102940634
-1.65509776076,-0.891274589348
-1.26173026644,0.955431838393
0.261866874973,-2.04853043184
-1.02047533367,-1.71131993871
1.29117773721,0.00866743311591
-0.213576125682,1.45163976357
-1.98458645727,0.666678640055
-0.107530249812,-1.95453915757
-0.128355660035,-0.192458049929
1.81160839634,0.67560014573
0.0278100231974,2.01305251848
-0.00908945807838,1.61002595296
2.02473532201,0.0458031541376
1.08938289408,-1.01051859663
-0.62062053666,1.94590624906
-1.73587901547,1.00765164291
-1.1103270896,1.31862130928
-1.94003511703,0.424388841712
1.05619998187,0.731774114069
1.31856251074,-1.68832623712
1.1849937429,-1.28559618069
-0.4524146736,1.92550532632
-1.56516938416,-1.59757847795
-1.85523785907,-0.506474155493
2.08261379471,-0.0743957738059
1.69395030563,-0.816241629868
1.51280741984,0.70523809846
1.54749160108,-0.103366181029
0.48094650211,1.41011164268
-0.224822958993,1.63201214413
-1.20323822223,1.94009840414
-0.533948488859,-1.6975389246
-0.115992869606,1.62834969613
0.767959461902,1.3041026079
-0.503539586015,2.0603226687
-0.988669182571,1.73566130546
-0.819005458009,-1.72015368779
-0.938059062662,0.0498199101801
-1.44356435515,-0.642005755772
-1.48544086197,-0.895937028247
-1.54835388855,-0.613958668494
-2.39509981707,-0.0846216984704
1.21797299015,-1.70975153065
-1.2576552044,-1.60047116878
-0.168907679006,1.91286956618
0.129785139967,0.997942337558
0.325345432689,-1.93176819292
-0.973023536937,-1.64905932485
1.50573556708,1.53251085797
1.49086362206,-0.19327927113
-0.934377250174,-1.29061363332
-0.372765561618,-0.564512011682
1.97634687792,-1.08702628317
-1.41275168677,1.96317060905
-0.392880582991,1.67204858682
0.368781801705,-1.01650443698
-0.29234279054,1.55807832567
-0.105348872022,1.38289037413
-0.523017813692,1.45099440792
-1.72629623526,-0.508231993953
-1.0934073869,1.60325815734
-1.0354974769,0.559707429386
1.29084590094,0.742309614281
2.00705462092,0.491972112938
0.0642847201559,-1.05874175537
0.324443920095,-2.02141449019
0.761906192445,-1.30407847671
-0.392010211709,1.74283442515
-2.18548789682,-0.873047853218
2.1292219591,0.0395372711045
2.00949250655,0.0848283572826
1.66818393824,-0.873194718453
0.727809205596,2.03536999039
-1.09787785152,1.49832740999
-1.36951617845,1.89580300017
-0.799671056145,-1.41378179624
0.617766539873,0.556027341404
-0.596427659661,-2.00125668119
-1.85680234684,-0.195410603412
-0.323523477352,-1.86592842036
1.9235238322,-0.124649156391
1.66647690925,-0.0423750963811
0.690535897258,1.5245884062
-0.847233117571,1.70701306182
-1.94040245024,-0.0743686655918
0.697509279792,-1.35688765077
-0.617497701772,-0.0979057281454
0.721954023419,-0.967416796923
0.786539228708,1.8792018387
-1.86310198611,0.176570396262
0.432529555325,-0.0397313359858
-1.64253933305,-1.52947041242
-1.55304392045,-1.89895633865
-1.67525771118,-0.300796158142
1.71862615031,0.835873412999
-1.77624515758,0.0272435157007
-1.68139462652,0.477958558322
-0.16178551945,-0.946753591818
0.294168581963,0.74563758042
0.654290899266,-1.50839158495
-0.75612813109,-1.85711062072
1.95045091748,0.41962378424
-0.852195135013,-0.691987291802
-0.394592059536,1.0315045323
-1.47113141923,0.484490335885
1.64312353066,-1.20841903845
-1.074062522,-1.52477136221
-2.12616585234,-0.584079849305
-1.1054592116,-1.43130495113
-0.367730178724,-1.77895987088
1.335505504,-1.41153021291
-0.191066662089,-1.73699467315
-1.02749997683,0.44317234761
-2.2392699617,-0.997080840636
-1.41048414935,-0.281840961861
-0.836420759932,-1.15563680312
-1.86415401621,0.0212416725516
-1.6604818423,-0.455964458927
0.501233177342,1.93492434434
1.01866611323,1.43076043488
0.72541331357,-1.48241834567
0.849876632524,-1.94205337532
1.24799466572,-0.931894481101
-0.715912710848,2.03019459498
0.677476872366,-0.110636444042
0.390615413426,-0.861356185711
-1.51780525343,0.425528480465
-0.88289664715,0.142360195268
-2.13900335094,-0.69360464826
-0.27197148062,-1.80047389014
-0.123299861721,1.90659374148
0.169389557303,-1.50553812808
0.799118201493,1.67780547356
1.11007653772,-1.82966158474
1.90841579213,-0.448567606888
-0.160657758171,-2.05785320451
0.100286319154,1.89350208121
-0.935031427109,1.29426032599
1.12265252884,1.57686194007
0.821236614488,-1.20959544061
-1.43063144922,1.36261881757
-1.33156464169,0.976216574824
2.08392837212,0.250383722873
0.192540611431,-2.01158104133
0.267473354046,0.791501320293
-1.1432605001,-0.526310720275
-0.445552129285,-2.09504128417
1.16283206046,-1.81670013781
-1.93647421342,1.05132431561
-1.32952085037,-0.0410140945511
-1.70558273696,-1.52986248771
-0.345302604819,-1.9446730384
-1.67176990427,-0.777312436174
1.29257554264,-1.5953072034
-2.11698898395,0.954666872881
1.32830635182,0.583410585823
0.807999706543,-1.93836357335
-1.90364683359,-0.741403203277
1.35050360333,-1.90680171856
1.20867795364,1.30245057024
0.949415690517,-1.38234486231
2.11479134637,-0.149549120751
1.79012539255,1.05903393974
2.15749765854,-0.384639864897
2.02350924116,-0.390932879843
-0.886437958194,-1.21275882495
-0.0969620275189,0.596780546449
1.44172711892,0.892456838201
2.01022898524,-0.958937037218
1.1920716455,-1.16893889282
-0.0402736142897,-0.63042934293
1.87024974796,0.562076131081
-1.79412814569,-0.560251791092
1.15534605162,-1.62043774395
0.973137241743,-1.00711890226
0.470668044989,1.6260571787
1.67081299066,0.726770333497
1.23791435695,-0.431920700995
0.470773803469,-2.03539216974
-1.42622218403,0.480331824789
-0.496066214228,-1.27296336153
0.744814839314,1.78502065049
1.65289763027,0.552586862636
-0.616917691048,-1.70546122764
-1.07874232623,1.56045380978
-1.00994640644,0.766327278817
-0.271796012511,1.87381131412
1.54870336506,0.146585488334
-1.5681846364,0.901113521259
0.560190408823,-0.877859165942
-1.66609630129,0.960416736737
-0.795572452666,1.5908567234
-0.535772304744,1.03453159462
1.83786351591,-1.17783232258
-0.449142855956,2.39803634401
1.9672567942,-0.0441777424353
1.22811883655,-0.598320390698
0.0591134682388,2.04660418447
1.82437693626,0.708231231742
0.572447326618,1.97305771411
-1.61106992849,-0.107134837737
0.848152644656,1.13763590288
-0.492202830781,0.440861953759
-1.71783583073,-1.134048967
-1.52105931969,1.34006364647
1.24178619056,1.63283088576
1.63465914089,-0.724993237872
-1.27803981097,1.66173655841
-1.52402161358,-1.03553122066
-1.41559322802,-0.439403821506
0.266568383055,-1.92509696055
-0.833764748715,2.00846862566
1.11558504393,-1.87829814946
0.569282543483,1.66134394722
0.31176081316,-1.63777320261
-0.847673156186,-1.96795805757
1.94767586728,-0.756186702852
1.27498754403,0.450962045726
-1.80991560994,0.250250753773
-1.7374374631,0.427204798089
0.310383457318,1.70644416803
-2.43760795076,0.16151322086
-0.337569899653,-1.56145599948
0.719834348927,-2.02043409311
-0.79484563901,-2.05148707553
-1.75556960198,-1.27488646536
-0.698572941757,-1.90157240876
1.25195072877,0.829540018906
-0.74858245973,-1.64634021694
-2.20523229417,0.194327231176
0.684371926063,1.99957485004
1.85959124252,0.797040141027
0.0686153386004,1.78878215419
-2.01413074015,-0.523049338908
1.62746357777,-1.57589406196
-1.85068460856,-0.211824981669
-0.808222337087,-1.82213147666
0.390600791152,-2.17153914032
-1.47382065993,1.00430332488
-1.86304338949,-0.362325725945
-2.11554611642,-0.847863111343
-0.181457943661,-1.44842331791
1.60995525652,0.0198609878413
0.855426983089,-2.03034170377
1.62455239436,1.33898358742
-1.196550072,-0.202425280907
2.08721874637,0.804283274858
-0.321749184577,-2.06444488148
-1.01950209676,-0.299485472534
1.58732293342,1.36637023834
0.67680647275,-0.385521142884
0.18184203997,-1.23676106759
0.261886372373,-1.60379090765
-2.13600243834,-0.0911938476804
-0.66390596355,-1.77914494697
1.46411630015,1.24984528431
1.95451595985,-0.529166119586
-0.812098140652,1.31210633027
0.206177021808,1.51391314466
1.06116823001,-1.10014890191
-1.18653659559,-0.580039000082
-1.70371468841,0.856489412903
1.93231784755,-0.662821483251
0.4291690202,-1.58275253488
1.05702765863,-1.55412302349
-1.98326395432,-0.910287311333
0.677123440915,-1.08285232168
-2.04983369671,0.756185449926
-1.96966931866,-0.702290956023
-1.79541888354,-0.929883570092
-1.79742088028,0.864126140712
2.35954386366,-0.108096763988
-2.00333242313,0.80910934989
-0.0843835435533,-0.243637513252
1.39347373607,1.45985089489
-0.351178821387,-1.51382092698
-2.14189871145,-0.425884095246
-1.84867283855,1.10727007185
-1.30235967565,-1.93633244334
0.245944904614,1.51821938048
-1.11824013502,-1.7579917292
1.93005407472,0.0853936287343
-1.7203189498,0.535604652006
0.886912608717,0.721621116214
-0.756098655977,-0.484903994966
0.0825356971183,2.15681586445
-2.01581535919,-0.0597130322169
0.279413416893,1.86052145151
0.417566388498,-2.10818929117
-0.507195602375,-2.04443813568
0.011644512332,-1.79923097461
-1.23938850274,1.17438995246
1.59773912401,-0.76499257195
-1.56696987515,-1.66520139304
-0.561602334226,-1.8025363962
0.448178618656,2.15830144725
-1.61804962665,1.36447334622
-0.182631876813,-1.64263154005
1.074148343,-1.92158216409
-0.982766127469,0.571175126067
0.452138239169,-1.11797996013
0.369140240373,-1.98202878641
-1.88017384889,-0.946801953879
1.22190285441,1.52071389984
-1.73664345808,0.747092895962
-1.56755496633,1.45484432614
0.403866641166,1.84825564354
0.835509489888,-1.8292904062
1.29803375996,1.78752122466
-2.04978966775,-0.19000883759
-1.04429663489,1.51808357145
-1.29996048212,1.37670440231
-1.5227012668,1.20123117254
-1.36486319495,-0.20910103109
-1.09168657281,1.88619649075
-0.7687343905,-1.12528994754
1.45424529918,1.41361900811
1.57030418987,0.889586764869
-1.46635068469,-0.975353566682
-0.617488756244,-0.847443131673
-0.145709455053,1.76267633859
1.83932031639,1.36304130486
-0.0572970666932,-1.9785010765
-0.112757114852,2.10913799678
-0.763460071625,1.8646063086
0.48162829366,2.01799402036
-0.483894944043,-1.92574919023
0.931547753043,1.5456556572
-1.57338524109,-0.448222142536
-0.908089624201,2.00069175892
0.323020108982,2.0122806831
0.505842801488,-2.04689080737
-1.27023005253,0.899254114851
-1.48602284203,1.56126920103
-1.09340799626,0.983466570036
0.869659666113,0.967736850364
0.7984788517,-2.00594191531
0.672294502991,-1.59519573189
-1.20994106696,-1.44989099679
1.02478568837,-1.80035854454
-2.14620445176,-0.6440995132
-1.48165788377,1.46814817229
1.96528290632,-1.32933249519
1.96675245128,-0.286459816418
-2.02489011474,-0.410241637783
1.5722601223,-0.947276079998
-0.762290315483,1.99045732597
-1.48431499456,0.655982721583
-0.293509112974,-1.45982291835
0.689856759608,0.662416899784
-0.926162528549,-0.62742338787
-1.35581443096,-1.13570048168
0.926270341554,-1.5092730269
0.982571107468,-1.92264030427
0.716298930475,1.62095282269
-1.56422375513,0.0378283023188
-1.26352198366,-0.0107820182192
0.221854545855,1.91674275784
-0.556850554504,1.7213627837
0.768799620916,-1.55338638033
-1.41089569257,-1.20696316866
-1.91458310476,0.620236424525
0.781124129199,1.9664048694
0.0513681085544,-1.97938490932
-0.284400403169,-0.406702495796
2.07406368605,0.587192474435
0.62641588137,-2.06225872493
1.84553691012,1.19629763555
-1.3521158788,1.9997608291
1.71820542959,-0.993371592475
-1.5335418439,1.61611358825
0.930153272503,0.794010527189
1.02551106604,1.67566698301
0.928332148046,1.78590045871
-2.08878959011,0.53706505203
0.00537036608253,2.07915507816
2.21600479825,0.26318660341
-0.945696600346,-0.761222870435
0.848456095856,-0.619395325666
-0.807672970532,-1.91035349581
-1.92760397994,0.336716440507
-1.06395018553,1.40103302903
-1.19951820364,1.40530021624
-1.01459578856,-1.07255423743
1.79635256027,0.600639609935
2.05436570317,-0.890613164225
2.17710310611,0.648655687759
1.6447734375,-1.17121546968
1.8229982197,-0.288196932191
1.49347919969,-1.43317904364
2.03158344293,0.715436071658
-0.178937013436,-1.9122516825
-1.97004579261,1.00053913263
1.68220688919,-0.955481678791
2.11898176985,0.530802268447
0.966144701246,1.74055903829
1.54653530191,1.38887024309
-1.26799000254,1.43333994175
1.09162095099,1.83190496747
0.318731075322,1.92865144957
-1.68105597635,1.22197378496
-1.72068172139,0.0155938514741
1.63574678651,-1.4186371927
-1.26473911405,-1.01107198874
1.22630460877,-1.61104574443
0.721610950466,-1.78794147572
-1.11163989136,1.22550250921
1.99429824787,-0.243537850683
0.719422888647,1.33521406156
-1.7799256176,0.624801772388
-0.900177071572,1.36703020474
0.742176383124,1.90282323918
-2.14444385992,0.0838999755378
-0.917798584295,1.77887981552
0.0272345769196,-1.51817241283
1.61251068032,0.150006670911
-1.33527341832,-1.64206578832
-0.596471179074,-0.65327365725
-0.116606633163,2.04467794838
0.501476118287,-1.79112617071
-2.35068438862,0.427248488336
2.08971095457,0.828053094808
-1.65119739676,1.65976349035
1.34784965351,1.00297563948
0.398100983584,-1.78085831176
0.21048162401,0.396575618978
-1.23304023556,-1.84271941618
-0.791195951582,-0.344119486646
-1.32435665048,-1.79322434149
-1.86196723714,-0.877596340004
1.69385634948,0.17936209945
-0.536550315151,-1.52121393494
-1.45473887516,1.17974619647
1.20470118436,1.78179690192
-1.20075588456,-0.0961634076546
-0.872848993159,1.08866344048
-0.792163828395,1.90548976499
1.45531025247,-0.774921841824
1.66578705382,1.14763563866
0.139879996319,-1.65947921079
1.10906277835,1.7779274457
0.876744968204,-1.77769515252
1.41687308165,-0.912315145518
1.04918213557,-0.41681389888
-1.1636064321,1.48613712418
0.058517512764,-1.85389550382
0.640204143315,-1.56000473679
1.02259654014,-1.72881709467
-0.425349030527,1.38617581955
0.494106132335,-1.95721303352
-1.46438124187,-1.39407346849
-2.25471563399,0.339661509037
-1.45164159379,1.59669251795
1.85168115996,-0.442563216924
1.12894839691,-1.21608833135
1.70684561249,1.00008943578
-1.65292696303,0.500824163146
-0.62937026636,2.06471241868
-0.84872452759,1.79505162886
-1.494439057,0.588318215455
-0.307305361213,1.01539363043
-0.327603278485,0.394401483524
-1.83858504371,1.14401761164
1.19853156615,-0.701084218541
-1.30170617805,-1.72251994868
-0.88945437545,-1.61161847099
-1.15274936036,-0.92575153661
-1.79366409267,0.171541736406
0.240948955234,2.06861240678
1.99629174634,-0.674391799487
-1.88564897979,-1.13974334129
1.13393715338,1.08103021892
1.49332611924,1.45759517275
1.19114624047,1.85448147724
0.168136212626,-1.85818410527
1.94682974726,0.359227942607
1.77536384891,-0.639346352513
1.75828232863,0.786789584199
-1.33431841114,0.755060317586
0.798609344859,2.08490096676
-2.18706662513,-0.00850370500899
0.392058279106,-1.47285696891
-0.98841149677,1.86762790135
-0.378415297448,-2.01224207824
-1.24060705635,-1.97824739101
2.18227947697,0.049441941231
1.71786664943,-1.20508441127
0.701239171141,-1.81653834165
-1.25310769251,0.689383038892
0.603300018997,2.05066627403
-1.07970128983,0.71059895763
0.565251486452,-1.42828130636
-0.660421768429,-0.7479228795
1.63863607085,-1.08229438739
1.66381021105,-0.135446806876
-2.2643711037,-0.10247545909
-1.69041377471,1.2889256268
2.2432041647,0.326518238672
1.46759984819,-1.1229762835
-1.71164518828,0.946514512446
1.5216112719,-1.39763992953
0.647475450848,-1.2377425538
-1.40887896136,1.05360721131
-0.436970612099,-2.36775820552
-0.526417658695,2.25552558574
-1.26349735094,-2.15732055428
-1.84176771576,0.739550684688
-0.509622477601,-2.11540612655
-1.65986713103,0.232034316549
-1.91516048938,1.41838864713
-1.4118439239,1.59547662719
2.04670741502,0.317759079856
1.7129147327,1.30365091792
0.262490976518,-2.01023762961
1.41976246841,-1.67202106952
0.825143619975,1.72887417743
2.05280281465,1.04106994043
0.443650507985,2.04262241001
1.39603910452,0.35336852192
-1.21357865874,-1.0509142122
-0.444478986388,-1.2931771433
2.24009856256,0.462358351246
2.2921459698,0.341021080435
0.356985770051,1.92600426839
-1.12818305927,-0.693805509673
1.77933789849,0.823840503979
0.955689161204,1.44158344704
1.26928280971,1.84785546448
0.0161527100981,1.81416775503
-1.86646268264,-0.803714803607
-0.848956691315,1.1496611279
-0.317018067391,-1.7489221812
0.344206613952,1.33254499845
-2.04863932569,0.388599255912
-0.689575957011,1.87333969772
-0.083844655446,1.78048115544
1.85996643667,0.380226760298
-1.52420995224,-0.805611949497
-0.694231784179,1.79404322983
-1.53519584922,-1.79031258678
0.74170677301,-0.269348307322
1.65066286656,-1.12022860866
1.30799511221,-1.441475433
-0.514875664101,1.66371303195
1.96916543449,-1.30021816739
1.7683494291,-1.03544350975
1.10560283823,1.70301010583
1.99865273308,0.151043182737
-0.402543231214,1.89166409091
-0.69607954446,2.06432154411
-1.93244579984,-0.168969120506
-0.92190481115,0.88068487667
0.204610295905,2.35445010029
0.146566706329,-2.20397273546
1.07902246435,1.59211986667
1.81766906552,0.464785669534
1.5282035595,-1.35988187584
2.08541529528,0.422708506527
0.592130069071,1.9409212126
0.587932698791,-1.53704305326
-0.437969992697,-2.19228530016
1.04910628261,1.20829832062
-1.60201241111,-1.12716624089
-0.923241824918,2.07804395482
0.639253469573,1.6526776426
-0.3680281577,2.11258519246
0.337965225884,1.82909976476
2.07848358495,-0.122684266529
1.5657108481,-1.00786822233
-1.57648135542,1.13186323846
-1.67783840928,-1.08569107414
-0.156256626266,-1.94828969831
-1.95284099559,0.649016795335
0.674863217973,2.10828445225
0.892578001192,1.21580549716
1.87649969646,0.884115122388
1.92928929099,0.627534079657
-1.77694204252,-0.0631910418427
-1.66865461379,1.4675471122
2.11072766427,-0.842894069605
-1.64016041539,-1.4431158901
1.08811501354,-1.34220834526
1.3611508319,1.23130139882
-0.00962023652206,1.51353096348
0.433439158806,-1.27686899191
-1.47589876338,0.77100603331
0.450425532204,-2.04109095499
1.10843776854,2.09765747949
1.4292599024,1.76565135194
0.127512549713,2.13349479051
1.55220840405,-1.15289741496
1.77984131258,0.866609060269
-1.50466889836,-0.729172702272
-0.723084488116,1.79542677512
-2.10055394994,-0.377151875197
-2.02229486403,1.21118863832
1.61167415015,-0.718590224845
-0.354430519982,2.18611076707
0.0493936494129,-2.18630054874
1.05158283733,-0.610484713239
-0.395937557479,2.21681535896
0.0804177072281,-2.0453732181
-0.446347475439,-1.01385044581
-2.00486134785,0.738763749034
0.323972293243,-2.34193760358
-0.700183964199,-0.537935504091
-1.61879135679,1.0966690061
1.89803685217,-0.561337585608
-1.3367117147,-1.20659237684
-1.6200867427,-0.699314211988
-0.0119927823065,2.00488896643
1.39637872577,1.59945136229
1.84327844912,0.974124084409
-0.321604321865,1.94517404174
-1.8224466005,1.25536655193
1.39185385618,-0.718788947669
-1.06689453948,1.95042494856
0.269315083539,1.18709506568
-0.319491182985,2.48705895535
-1.04727928651,0.510330318079
-1.52846643256,-1.33957926038
-1.56778352793,0.664667824958
2.33551449535,-0.427305505439
2.22445489676,-0.0760095880779
2.04730344201,-0.285089583591
1.95882718847,-0.625704671525
-1.1151004069,0.20853659768
1.94688755397,0.285636360306
1.22649429625,1.67790819014
0.977276313829,-1.4795263095
-0.783753407646,0.0294376079232
-1.3559321205,-0.751359937572
-1.64585826416,0.880437751829
-2.08525413549,-0.90960534382
-1.85005553195,0.0770975715844
-0.305201050215,1.72924120286
-1.88915912031,1.1580572719
-1.16178081809,-1.84188131675
-1.30298789462,1.91624336201
-1.04462481195,-1.32521461238
1.7413709032,-1.32246690207
-1.85278946141,1.29368905699
1.77091707041,-0.977174712536
1.78612591677,-0.670796103491
1.13343781407,1.92441078751
1.78223365956,-1.53020558095
1.71323856622,0.337763677051
1.95848827445,0.0271671369317
1.30128268469,1.30844682562
-1.23150192519,-1.30982014644
-1.3874036603,0.540883145513
1.20257432149,1.17265963397
-2.22038296851,-0.668752853751
-0.57265703177,1.99666018109
-0.57428148305,2.0902298804
-1.04121149656,1.6701889993
2.27188806018,0.494177718728
-0.801774486972,1.72292312066
-0.992184308125,0.84370398717
-1.99175454051,-1.05351072611
-1.89147175332,1.09132024759
1.57843980302,-1.45849495235
-0.484594587466,1.98950271078
1.29034796797,-1.79163232803
1.57167281654,0.446256950142
-0.613648985083,1.82747072305
1.39649539252,-1.56671922548
2.07404634567,-0.0302712206818
-0.802784485475,0.215050099501
1.6361388188,0.890666623639
-1.36090076056,1.40825302772
-0.915013822331,-2.01554437125
1.8232154123,-0.774613789484
-1.14094506041,-1.43779620862
1.75589390833,-1.39759144355
-1.67181611311,0.134014452677
-0.166695856878,2.11861250562
1.97756447527,-1.12536759945
1.4419797667,-1.35352078485
0.899613230884,-1.59373674173
-0.696205718163,-1.5174970699
0.772312219959,1.52169731156
-0.275050197157,1.98470532949
0.715583119382,-1.69125372643
-2.02676823529,0.210264122414
2.22842476648,-0.58361614813
1.96565372863,-1.17867800854
1.59830709521,1.58625673927
-1.41296007521,1.29453060955
-1.68331062602,0.60123593879
1.67975098201,1.02899648125
0.873438404414,2.01616000171
0.852222433647,1.90140317241
0.591289378063,-1.8721014104
-0.250991912135,0.183951515243
-0.207096019633,2.13610066086
2.33494008049,0.0086385387743
0.164049923721,-2.09899394025
2.01719634462,0.64880865173
0.62181994826,-1.91759101349
-1.38332534741,0.352868599638
0.655236333654,1.8309446668
-0.861826840779,-1.39121913733
-1.4019217929,-1.35504498947
1.32147622852,1.54617659554
1.83249853241,-0.993519082539
-0.328830702274,1.70171171844
0.591087579101,-1.68866478697
0.185356521742,2.16055425236
0.917569661253,1.85724695072
2.03898914095,-0.62588112019
1.36663535428,1.75526886765
0.178665551672,2.10980581101
-2.20056525946,0.712728926724
1.73625671386,-1.56247790665
-0.379814870024,-0.0876684301837
1.39988580772,-0.645119922537
0.390989206216,-1.86346324132
-1.55219940944,-1.52448248498
1.50197821074,-1.86472926985
1.48125315866,-0.783472827636
-1.96362385921,-0.518218174642
-1.04000705673,1.18373037617
0.446726935349,-1.74069622971
-1.37939279315,0.87152146866
-1.32273418532,0.413628279802
0.624999539115,1.87897778993
-1.33411961556,-1.28848724388
0.212485799497,2.16310075465
-2.21710262127,0.729014889227
0.986024904984,-1.42502176536
0.818100548641,1.87637722773
1.2823892696,-0.324954265185
-0.82002239749,-1.54850152753
1.87384328748,0.136908612329
-1.85833635855,0.338257432708
-1.98133066116,-0.39052383358
-0.939089124453,-1.71298702685
1.19004242371,0.0306976482278
-0.09076653473,1.67822027652
0.997650375055,1.97392567656
1.82736046803,-0.957377492196
-0.0484132002838,-1.79981492921
-1.81170004604,0.423600808062
-0.426385571721,1.99764825579
0.989939836402,-1.83352752223
2.31330293131,-0.493380797345
-1.87708120255,0.823626507669
0.798027976726,-1.8582502848
-0.820615267581,-1.64363910404
1.44370720302,-1.59050172936
-1.89871249511,0.692625025562
-0.945056233959,1.94596533736
1.2834014346,-1.24117886424
0.466366830807,2.09169546188
-0.14267664213,-2.23042751157
-1.54322430847,-1.13031374022
-0.271770536218,-0.145582556758
0.502676125264,-1.62738026211
0.0855253063773,-1.94819945489
1.90490228014,1.12423170686
1.63725301314,-0.598242796503
1.60944536992,1.49970069534
1.43885350666,-1.21024155751
-2.00067104072,-0.486276376681
-2.03887244303,0.26251463273
1.37320236398,-1.77845947975
1.74514688272,-0.153319934453
-1.48503144055,-0.10795411928
1.01089128586,1.63873020011
-0.598666694176,1.86953642639
-2.02562447789,-0.784609093753
-0.988286699173,1.37584454173
0.770620569421,-2.02780513
-0.604281051733,-1.57376703884
-1.65413465474,0.373276168722
-0.00974194146986,-1.45573428285
-1.07248306811,-1.00610766104
-1.50435202564,1.23754141384
-1.39156255487,-1.26988609101
-2.13612269017,0.406314915269
-0.269152627043,2.09439174768
-0.427813116651,-2.02474538172
-1.84673465667,-0.626061400251
1.48240535255,1.6232206743
2.31739222641,0.0556561628147
1.72513850024,-0.941850714276
-0.623268860089,-1.88678270925
-2.1571354451,-0.142868970936
-0.516171063421,-1.85513578484
2.20535236896,-0.116706511121
-0.344481447267,1.4239569712
1.49585666475,1.08503623737
0.522014389772,2.12541756469
1.6974675491,1.14586059118
1.14173917977,-1.65538415201
0.307776751599,2.12073352916
-1.96644133098,0.276840289923
-0.171013473883,1.96791639205
-1.54668269574,1.14887756702
-1.22197606855,-1.73319518212
-0.777073949547,-1.74598020576
-1.53012691403,-0.658264890562
-1.14951018517,1.87236061221
-1.68898847645,1.52870543766
-1.67497105927,1.41306112545
2.19542421223,-0.261412447599
1.75736736435,1.14600759845
-1.5701415671,-0.950763579064
1.01071710694,0.60264648408
-1.70573748727,1.04565833558
-1.97830626816,1.14762215922
1.51074866598,-0.819529574089
1.83737233874,-1.13275986666
-1.69052129491,-0.11726182244
-0.630858771584,1.74153956177
-0.0608289912161,1.96632336853
1.43899041041,1.2999888127
2.0104347734,-0.43252024888
-1.7878783283,-1.44613409957
1.69194225098,0.616862576693
-1.18173551988,-2.1314108338
-1.27222379518,1.75007630951
