0.0165809915404,0.0509848185975
0.212434966068,0.212804110431
0.175651798011,-0.0881379300011
0.346248442976,-0.0423465074218
0.150911964914,-0.0679745347438
0.292945623056,-0.240308008896
0.0707844033516,0.167732644928
0.200566693975,0.0964805721029
0.403465241485,-0.0973376121865
0.0293213949084,0.004411991948
0.0267261090447,0.211475941902
-0.182643432144,0.184577125053
-0.00345192056247,-0.286024727567
-0.101296789814,0.190443266841
0.270823230024,-0.00763236913936
0.252191527317,0.0554982997007
0.386007769851,-0.0727753380741
0.171490532168,-0.0536542465764
-0.0996358019352,0.100898093181
0.0748647032255,0.0866263187087
0.218093473903,-0.133748929398
-0.103218594077,0.20418461551
0.213839745972,0.0338220661765
0.378827444513,-0.0645833492053
0.0267269060933,-0.389596030674
0.077790345934,-0.00983617005574
0.222507729178,-0.0540362728022
0.0256287579376,0.124828428122
-0.00989644154767,0.0844328087231
0.280821142126,0.23487740527
-0.00215379690867,-0.0190179302707
0.50373600435,-0.0182222178723
0.22695686961,0.115091467082
0.351404318145,-0.266499630728
0.238545422295,0.0701503999688
0.187310066572,0.140464861849
-0.552428700818,0.401128939445
0.175282620848,0.243273431685
0.052437519707,0.190865988617
-0.0609393189287,0.127071861692
-0.127026838624,-0.282759789964
0.0886128481983,0.0937642528602
0.241889106318,0.0929139298775
-0.0771250686221,-0.310772518129
0.26429470723,0.0399284669245
-0.0157369471562,-0.393904002781
-0.229486009413,-0.697444231754
-0.215345827044,0.276153119413
0.371430106234,0.174823189976
-0.345677124283,0.308148367148
-0.332371638741,0.287839270251
0.22647847106,-0.314852596637
0.334950748321,0.212520718794
0.0293107843227,0.020894827321
0.264186267215,0.019682732127
0.0938425995114,0.274794107854
0.039057441612,-0.301505020127
-0.370515629785,0.0161047779163
0.447611662246,-0.346889007251
0.0896720267781,0.0254148472632
-0.173647618674,0.261770767543
-0.136920144126,-0.232764885067
0.28931020372,-0.0280468800196
-0.00688207383115,-0.312683394043
0.0378210350066,0.0563710182167
0.000188872389344,0.273547253981
-0.39316374014,0.0295990858373
0.282517286038,-0.245678171742
-0.223546115547,-0.119415593476
0.199096960327,0.0633257621403
-0.22489900938,0.177655180176
0.448602933051,0.0581702759127
0.229482005347,-0.355713114764
0.165048176366,0.12781981996
0.0665231198888,-0.236013222668
0.095162750421,-0.0519825655336
-0.148115313655,0.180365265614
-0.158207328112,0.23489172538
0.265587236644,0.303895150552
-0.0343776452241,-0.308397053787
0.426345374041,0.144911773666
-0.365562290768,-0.0799140454779
0.176568062261,-0.28657900162
0.208506172093,-0.374987410168
0.0509891452291,-0.0345631597422
0.259361716042,0.20952739752
0.0741897336461,0.157897693052
-0.0633035615786,0.269162522154
0.0428933848154,-0.531533185134
0.0114551699534,0.031851079486
0.106479576587,0.0265369975685
0.052156600349,-0.187475735457
0.311321826263,0.172429242066
-0.017098866714,0.207245279154
-0.208768220268,-0.177986338837
-0.149088691917,-0.492603626267
0.468924872498,0.115084921876
0.107519285041,0.298276529053
0.48520273674,0.0346103417591
0.202619463497,-0.332069169826
-0.00883864333142,0.198161976932
0.258216221005,0.00863105349689
-0.13202932366,-0.152099412374
-0.141695277798,-0.133648446572
0.246325901369,0.0381962576776
-0.0450373284637,0.0667574133344
0.421394170421,0.173702852358
-0.139826497929,0.360387352131
0.0406093076842,0.345257643424
-0.536510924397,0.111840464262
0.43560216686,-0.362106898144
0.0875295153721,0.332052808966
0.155987793436,0.231919422889
0.10456069612,0.310357309582
-0.22414063123,0.341048018828
0.349451032242,-0.309665165225
0.104607769515,0.172236552486
0.0372700283126,0.140257078554
0.0299793498236,0.164789156092
0.349840855288,0.0520786431553
0.45146969478,0.128591219231
-0.0483070643954,-0.359936745669
0.0258773063932,-0.435951154248
0.157958014237,-0.358415329826
-0.0907557532528,0.145647339817
0.0518370097652,-0.316153607099
0.135608553257,-0.0131114023591
-0.130459464784,-0.19226035861
0.0106683409867,0.181859350905
0.301575622357,0.234007133155
0.0931463187153,-0.0873170080173
0.195200712008,0.00462291030741
-0.146273146131,0.0870069964246
-0.176635759102,-0.343593362007
-0.317952614457,-0.213746353343
0.0524447832431,-0.00260657788896
0.254856921189,-0.0540183668304
-0.309741010089,-0.100263468342
0.143293470429,-0.309498934236
0.257707717217,-0.0425199094601
0.277707737671,0.0929057866404
0.0500101228283,0.229195668234
-0.162454240893,0.152140358718
0.497537864506,0.0705510908008
0.256725737513,0.0751363170881
-0.0599068527069,0.149969079945
0.492023914435,0.0965867769775
-0.270786400652,-0.24160482447
-0.120612596118,0.202139515468
-0.277163933933,0.332210854763
0.323923251759,0.143243555448
-0.0116640686179,-0.149720124071
-0.294961025509,-0.0982162958588
0.0635168569751,0.224246958934
0.00187517786289,-0.20141935188
0.330906293449,0.275044007042
-0.0500235455264,0.340361466397
-0.0856870362711,-0.445923827261
0.352810527542,-0.303695386955
0.0502101728134,0.37134030937
0.286451025931,-0.117908011219
0.133372422378,-0.636815718227
-0.170974710899,-0.613038314646
-0.0337765367681,0.00970279307758
-0.2847207744,0.225814742252
0.187903136646,-0.337006040356
0.138554382328,0.257991367903
-0.225721687725,0.139294701713
0.120658545688,0.0155753816389
0.271737029519,0.265571735014
-0.33300534253,0.373296784817
0.0427978344694,0.0913422957523
-0.0271920263204,0.0899472372465
-0.347342285423,0.220159111731
-0.42381403037,-0.021472982656
0.0577504149179,-0.0950904206345
-0.1748644186,-0.108404604154
0.215727123892,-0.316423068136
0.36607999528,0.209050687886
-0.15919127932,0.19838907719
0.287051002207,0.111635203527
-0.257980962113,-0.017274457409
0.238525179767,-0.0273831693233
0.410477432947,-0.0913625955956
-0.0450412654384,-0.450183912948
-0.295600610369,-0.181621435059
0.410815504412,-0.347144723526
0.0579314995899,-0.419883441368
-0.296472228763,0.0171553658933
0.47690885773,0.0349485985377
0.508674560126,0.00808049387242
0.0545556530653,0.320463014174
-0.553700731981,0.458055957314
0.267509842966,0.172228209348
-0.145767460724,0.126000968217
-0.346611987787,-0.262164338974
-0.164673824178,-0.0406335290373
-0.185503924596,-0.256740828512
-0.205012649817,0.31073788389
0.242369064551,0.116310091374
0.226190585182,0.00410367931058
-0.530393733069,0.00744691625917
-0.234162593078,0.311635675846
0.281905020167,0.238114597475
0.199976035054,-0.474671593318
-0.25222609677,-0.377831669852
-0.215847158649,0.235415605606
-0.131400868605,-0.200007726336
-0.120722025322,0.328021895159
0.30458410495,-0.000550212698982
-0.0148119026761,0.140815725586
0.437138325087,-0.110415534991
-0.200538145664,-0.0118335638704
0.339358496046,0.0247040791987
-0.145598327894,-0.137882683077
0.298562831712,-0.382692743714
-0.15540237287,0.273877299246
0.278608998149,-0.0631652696296
0.000730038544219,0.0654474296164
0.28680199239,-0.0019187225226
0.357153818435,-0.0453260984666
-0.148848105001,0.393941281507
0.0745286354437,-0.275677930081
-0.695988623839,-0.174432932489
0.057334596697,-0.217950998618
0.136877234937,-0.0392633450108
0.027789177896,-0.178119643363
0.222371747227,0.097709341172
-0.192530652627,0.423315984799
-0.369047286572,0.651713614101
0.189391422881,0.242269796094
-0.133846208131,0.0345542007705
0.126816038935,-0.364919163273
0.125010887819,0.219559317017
-0.0299196038475,0.328730092642
0.156083299739,0.277268633177
-0.381149790916,0.341466581203
-0.184272455773,-0.316787584266
-0.101290537584,-0.406928466165
-0.124711425936,0.346794959338
0.0258137744571,0.25876043396
0.0575889887777,0.25471620408
0.0546088829029,-0.0838109232605
-0.0153183366665,0.306512925488
-0.100235290108,-0.324785132491
0.350708169071,0.182076835771
-0.472944536487,0.125015736317
0.238705053767,-0.480356476834
-0.266422635472,-0.314590325871
-0.229729474269,0.202680532642
0.0445313353839,0.288294606287
-0.203089184648,-0.198653394016
0.41275085504,-0.446229113052
0.518230800384,0.257231144031
0.308662286895,0.387959364095
0.403809937629,-0.308511024945
0.434379853276,-0.368215900641
0.20763581557,-0.106004686589
0.13315564795,0.196553984094
0.0982896933837,0.359020048865
-0.0971494135533,-0.632714677962
-0.22391802352,0.327818990441
-0.104769250256,0.330478655636
0.106092131753,0.177739593205
-0.35172736612,-0.355089551675
-0.118005825889,0.362590818307
0.0217456535163,0.113428254143
-0.121374622528,0.245117885561
-0.315840175575,0.198899229
-0.425393466041,-0.0903337057577
0.0958575843698,-0.202225255529
-0.161396170205,-0.328001095824
0.24801384029,0.340824387981
-0.428441646425,0.0502985059356
0.340225545177,0.0763565130844
-0.0534035520366,0.28330257992
0.0309131887745,0.347588906573
-0.0207846812769,-0.147848553973
-0.334266647658,0.0134328389241
-0.00823532811206,0.0360918921402
-0.698654110935,-0.0591896858063
-0.223679815283,-0.12534133404
0.0979690156907,0.262108901498
0.285339138451,0.220975893638
0.385910196537,0.0556367119651
0.0647932452252,0.00095813480981
-0.103162301534,-0.469735342617
0.425625154804,-0.335513663189
-0.411149662306,-0.20812756798
0.118773260174,0.0685135382615
0.247779671099,-0.0112072579752
0.179093557875,-0.434301373623
0.00341528322289,-0.343836183721
0.257062245788,0.00305438834401
0.0486598281784,0.229373814763
-0.320598180721,-0.0967147521201
0.120188951794,0.333741627787
0.451090781338,0.0840130906947
0.16954785988,0.231014218353
0.0121100415633,-0.312370585384
0.185996205826,-0.0262413270351
-0.158206944721,-0.393807986205
-0.232214179798,0.260408397772
0.607828207785,-0.10435751395
0.371753344596,0.243832053722
0.32391255963,0.358014830548
0.142558765129,-0.441310553567
-0.317691969543,-0.539830090353
0.0180632151132,0.439841351458
-0.151317529492,-0.0479374622213
0.043867414638,0.382027832378
0.343687890695,0.207308049517
0.0520833466365,0.0640830757291
-0.229842796121,0.170687726388
-0.123434592954,-0.312060191912
-0.27974755489,-0.27944512413
-0.190287363204,-0.548284073976
0.116350192948,-0.371077921713
0.393515513899,0.318326889553
-0.57349904305,-0.0898996933233
-0.471449304536,-0.0483594804859
0.0312944125878,0.157004778386
-0.282416786853,-0.524947017311
-0.206531822668,0.45370805173
0.259407783944,-0.357431624098
-0.0957047481903,0.0471163781944
-0.138601510804,0.327747235922
0.138618928626,-0.134628732869
0.235805004914,-0.448215500297
0.172247631156,0.443181652309
0.491768514398,-0.00647489617475
0.0442854573167,-0.234197355481
0.388401258263,0.138146768047
0.362602572049,0.149437249424
-0.0610725656932,0.172363727538
-0.277541217519,0.279771712789
0.33297005381,-0.272275159743
0.229361043248,-0.328222919626
0.329264710454,0.108372860912
0.498282098826,-0.000566195249895
0.00209967748486,-0.0758042524207
-0.492062849604,0.0831823126027
0.281254185392,0.141546020598
-0.379401888747,-0.289897949743
0.48541303854,0.291636183823
0.00656869889986,-0.445900159625
0.373775240189,-0.0567101690817
-0.0219802276653,0.525730596759
-0.160667581703,0.147325400935
-0.146309791979,-0.46781913078
0.552233456309,-0.0160569466581
-0.139396018251,0.384152820641
-0.223711033723,-0.37821685929
0.556151389166,0.229886959127
-0.302198621556,0.247305221819
-0.482050371183,0.392056226993
0.301423517128,0.130950196281
-0.599367087898,0.442304104322
-0.382114930186,0.402261961712
-0.454432946364,-0.0845249860841
0.0392746311101,0.397053320487
0.00160029288879,0.108920900998
-0.116752209317,-0.264838916535
0.467036746299,0.0304746359069
-0.314595334551,-0.42180119841
0.132871293957,0.344956053716
0.0494702800539,-0.333216177277
0.518479987791,0.456953110397
-0.120653955632,0.274238279945
-0.214536626488,-0.502631077312
-0.319546845757,-0.370902866835
0.152100406411,0.157237352819
0.124583555312,-0.314748792774
0.217620081584,-0.430127178863
-0.0120695259441,-0.309708653312
-0.454759709793,-0.010048798437
-0.615932746192,0.0694787274889
-0.137266559431,-0.24568193493
-0.554335402322,0.0189986838258
0.0694150496626,-0.390164809041
0.335671214291,-0.232412420457
-0.365444559938,0.31754499151
-0.44620026104,-0.349243457831
0.046594995771,0.0812513809001
-0.233718402794,-0.394866561975
-0.205761995657,-0.254622739275
-0.218597506801,-0.215383216997
0.271651600514,-0.353856349523
-0.290163459239,-0.243652955617
0.0947975085451,0.370769705294
-0.245651445618,0.401814221372
-0.0499968455771,-0.602921339576
-0.407236821767,-0.0824478882194
0.267181072769,0.268434478629
-0.0917563686864,0.474123006329
-0.424456989319,-0.14481623856
0.458496342428,0.0158447659821
0.181038404493,0.116830570913
0.323973490346,-0.388341330984
0.130981226583,-0.418888731457
-0.134893712292,-0.120996289693
-0.361523305806,-0.166029548776
0.0755810361635,0.0579890711375
-0.182208540551,-0.265765238533
-0.598580937018,-0.0854536484928
0.06930512377,-0.487771511185
-0.346875681995,-0.226685911943
0.306569733622,0.398375503673
0.00481582786504,0.365465681568
0.176932104576,0.0443312631655
0.0528777614843,-0.193780139167
0.172670374748,0.250838028224
-0.151519873621,0.139540470779
0.444645576315,-0.0719435162402
-0.102764449834,0.0536790144659
0.317784559233,0.152612533106
-0.00989256943067,-0.362082778083
0.351075125259,0.131984765091
-0.198564456923,-0.278383297006
0.292363143013,-0.205240922973
-0.257126666722,0.458025411974
-0.0126861718889,0.232388242443
0.362741485348,0.279914256611
-0.365332299833,-0.392848115178
-0.40270495694,0.310199886711
-0.223523523087,-0.00398033188156
0.0888109795901,-0.0560699377328
0.292165670965,0.312325965913
-0.105743035812,0.160136361085
0.234250566211,0.415226260428
0.143777476577,-0.204214375226
-0.0465262269257,-0.406722447996
0.00595115827549,0.154632038617
0.296075630188,-0.259883183661
0.506824979158,0.060520380197
0.359730288905,-0.266141550358
-0.159669537,-0.425533099072
-0.409247716613,0.092762153206
-0.10506687516,-0.624710252523
0.537048489668,-0.257239863578
-0.0497043376092,-0.274505324147
0.392180054666,0.0277000480008
0.0539251856318,-0.161175991202
-0.207171668154,0.412055080302
0.284590880385,-0.211407483947
0.335299941816,0.0605764632524
-0.350586207477,0.277336574525
0.386860453605,0.166869544382
-0.0406340036892,0.217808809302
0.356572112495,-0.0273393970995
0.275479782497,-0.404997214604
-0.291799468667,-0.00204521781394
0.381632941937,0.109965271582
-0.294939000575,0.233942016395
-0.207082743711,-0.0263803844304
0.15765855488,0.0611593113041
-0.518305363843,-0.354910336128
0.426008775216,0.332269734589
0.11839065362,0.323211509275
-0.113099563693,0.138888987159
-0.319184151435,0.0442870660467
-0.499418083462,-0.196902378874
-0.120381923558,-0.150190233889
-0.1682970044,0.214274615703
0.11793015668,0.456585476691
-0.402187323585,-0.53531231816
0.198992173377,-0.17971668007
-0.00139008691611,-0.231445632008
0.316080375917,-0.237078547385
0.0393353014501,-0.275447890326
0.416303764711,0.0658537749971
0.0853819294695,-0.397818431948
0.491304153345,-0.191544813017
0.402917797775,-0.32062304852
-0.245565288712,-0.12990603085
0.00918100239898,-0.360686075689
0.277091806618,-0.0376296693353
0.314331249755,-0.282323234186
-0.328444110667,-0.200188299318
0.139932879946,0.260779432545
0.0652585273473,0.174407518984
0.419343396906,-0.083340226498
0.372889237773,-0.0109559328728
0.390993550223,-0.0742634894359
-0.0876258380382,0.022305022846
0.309640237325,0.0523966928226
0.551691633158,-0.217188233236
-0.11442919276,0.446451609853
-0.439915391837,-0.22566790336
-0.0758748836147,0.733271097516
0.256963620869,0.332679105327
-0.0285574076723,0.264384071311
0.0512557855224,-0.425977845672
-0.505926082746,0.146382715338
0.519853074482,-0.0522347479079
0.337250352461,0.285536848222
0.358520428633,0.37633365897
-0.492277698452,-0.0800512293617
0.345722940317,-0.239132586399
0.241802474902,0.184721056383
-0.440867695074,0.0220532617316
-0.271042068069,-0.378039931156
-0.368171023574,0.0453153247879
0.100718732267,-0.0147061016096
0.0603092658838,0.445943960634
0.341292653914,0.0253429345641
0.521669950215,-0.0375842263987
-0.54306549216,-0.107555894334
-0.576859085186,0.0310718270796
-0.0208293134172,-0.481786696303
-0.266268652572,0.452318855881
-0.25250609849,0.27439982902
0.36353203577,-0.36327434503
-0.0972857770084,-0.237707841992
0.120263899004,0.240138658393
0.374431674725,0.201026719534
-0.00852080512251,0.241164514284
-0.0520602890439,-0.151514859796
0.0768220531799,-0.218469361163
0.350932272942,0.0536764584111
0.331946495229,0.416378630791
0.219406483525,0.093617209641
-0.220950594664,0.187079422387
0.0588760207438,0.391362078095
0.105372429305,0.23255915054
0.162574667945,-0.258789290002
-0.216963362373,0.11232138452
0.131985883337,-0.373820277097
0.578654551719,-0.0410759472692
-0.247133620384,0.211692805324
0.284420905606,-0.203589083775
-0.196418112969,-0.385426582051
-0.0239628502095,-0.51503434459
-0.121555278104,0.214713424371
-0.409347456879,-0.326527413186
-0.114642081386,0.372170857032
0.308352729151,0.239440803999
-0.193373834981,0.422251295303
0.548914421588,-0.28309466785
0.253176770993,-0.0482819181141
0.374549185485,0.394889749569
0.404761997625,-0.0396728879723
0.236611253667,0.366763299665
-0.278703507402,0.0715531984817
0.101345439138,-0.0779146997942
-0.284537243514,-0.0733636637034
-0.300847214663,-0.305885259536
0.364743096234,0.145695647637
0.147712746164,0.471362198688
0.207297717389,-0.0876433841193
0.389106750415,0.194147426495
0.0329584882504,-0.0086360469038
-0.359643129881,-0.253709454085
0.158958453418,0.112757484969
0.135086475689,0.483231026616
0.191027062352,-0.273944990824
0.304266269234,0.0761457707464
0.00114640622506,-0.483287461642
0.136981558708,0.45330956835
0.485856839818,-0.208941484975
0.482160776791,0.144811038856
-0.233017953528,0.319376699187
-0.183517124066,-0.427174417492
0.2534714384,-0.0937874979217
-0.300731222949,0.295625716104
0.17897619203,-0.220006832798
0.354160908031,-0.0144279972305
-0.0917282346738,-0.169255702906
-0.126651305799,0.485128001577
-0.369789447847,-0.23659385314
-0.44427941363,-0.074530548695
-0.183191259812,-0.060305244453
0.285954603728,0.391029768947
0.0591315028965,-0.499802896835
-0.223339606332,0.149157215955
0.341264346053,-0.284768265272
0.442866594772,0.227927485146
0.208909630832,0.411714897851
-0.113827508252,0.162433965828
0.0719056704239,-0.626370709505
-0.0855371333363,-0.0301742136615
0.4673702183,0.0612542135143
0.165590837104,0.355280696111
0.383089925219,0.0293924512077
0.473295137844,-0.094366734188
0.41256225408,0.284373292006
-0.194089238715,0.442691982101
0.123869128588,0.472604703649
-0.21591287022,0.452633877166
0.32104129401,-0.400793527504
-0.450819881725,-0.220822985274
0.36314466008,-0.329717105653
-0.119083524585,-0.405795322778
-0.314253706217,-0.298647786813
-0.241277978001,0.382626908845
0.600058462499,-0.0739935599942
-0.392738046139,0.480825937581
-0.182892543784,-0.0326218714768
-0.11607238837,-0.533524081656
0.225173316014,-0.46013408145
0.469079639237,-0.165161860145
-0.0858918847507,0.391672885716
0.386776697094,0.26178673138
0.18813366309,-0.197854772702
-0.425923003971,-0.401164077317
-0.624823470051,-0.0817157670053
-0.387223377047,0.275828547125
-0.153792928359,0.350688067747
0.18029934631,0.168915496133
-0.640909461625,-0.0484006421181
-0.465124907175,-0.151512155827
-0.465054567436,-0.55423092074
0.115395271625,-0.092701306574
-0.431503890666,0.339142112264
0.219137842337,0.140223615323
-0.291160576514,-0.132693972882
-0.0736110543399,0.480701432731
0.260951849613,0.084467105496
-0.101080670544,0.473343103009
-0.322094123167,0.287748296922
0.148549141363,0.152004430657
-0.0647604441828,0.301124052538
-0.363158036413,0.059937368136
-0.408491267667,-0.358554941831
0.47582214713,-0.164417192375
-0.0708156357034,-0.0470166418941
-0.17392030614,-0.446596566399
-0.423893277147,-0.0694931039081
0.12045419888,0.294884758319
0.427009156286,0.327019890664
0.44788688504,0.341397605203
0.128367247823,0.188345056473
-0.186519105331,-0.33405205062
-0.388452680224,-0.287394168714
-0.554365746423,-0.0228894131269
-0.509933964783,0.130189032971
-0.34307625995,0.463821639646
-0.501393446893,-0.00558334088724
0.53113030079,-0.22311056797
0.0543504557413,-0.268108571952
-0.270779379527,-0.043082256255
0.134610382758,0.241221899063
-0.148243823695,0.377527025228
0.022667599154,-0.444326425157
0.38250641259,-0.41384903593
-0.0604653416616,-0.565355991512
-0.200061139018,0.205019075814
0.641057967981,0.0553296802856
0.476329736619,-0.0599236122858
-0.256063405519,-0.513212960829
0.312448145112,-0.353667371422
0.30740694864,-0.0387893915672
0.263218448697,0.439719478886
-0.476917926379,-0.0772863021996
-0.336379810348,0.0326822559744
0.0851859785912,0.0785621286215
-0.0208480947362,-0.291654766006
-0.160777281557,-0.146064168933
-0.189062712706,-0.319110576992
0.116273728143,0.384858326056
-0.193452191411,0.130266028012
0.243182012185,0.290235865378
0.294680766422,0.0999811660109
0.234264766521,-0.202591139719
0.29854361526,-0.206375665216
-0.0995127332116,-0.359399798907
-0.110008027155,0.0668400239213
0.44990602096,-0.137325780716
0.139802259113,0.115160694693
0.547930517637,0.0596751792098
0.342633974661,0.465667830636
0.396837756291,-0.383353848322
-0.208776839501,0.291886815703
0.398898060581,-0.194963910784
0.194485814464,0.479686957628
0.0698330823509,-0.116896771913
0.294636053381,-0.126685903109
0.0067190783022,0.27879438508
0.125950874956,-0.193583300614
0.0324216387306,0.47900872103
-0.384870895734,0.46497803291
0.0763863616524,-0.277926932035
-0.151874232125,0.264123465971
-0.288663063749,-0.520943791065
0.138438611973,-0.256537132296
0.470603230426,0.297303629445
0.028276336365,-0.0693089173455
-0.590283115863,-0.334934356405
-0.0431151357193,0.251309500944
-0.14562411293,-0.199777597163
0.150309243325,0.0799999413675
-0.377391542878,-0.239154788657
0.137569721428,-0.499629851382
-0.468728664073,-0.508625912991
0.453252833022,-0.0660557159285
0.167145656087,0.0194627127737
0.212425783074,-0.392843022644
0.369639426184,-0.0847662298809
-0.302783502935,-0.583315758793
0.109164336852,-0.277172353824
-0.507413911922,-0.334978334232
0.52223475967,-0.351390951995
0.112912519254,-0.314447885857
-0.0206885900602,0.320632836945
-0.340638419778,-0.0865609602216
-0.247629577534,-0.269932307176
-0.399927627637,0.25186014956
0.119504350405,0.138651816332
0.190433752403,0.448472222068
-0.419812405398,-0.328271710493
-0.449556621218,0.322340855833
-0.154351948354,0.445904550338
-0.312354468503,-0.457704171493
0.0428396467351,0.307449829584
-0.296261251343,0.118311557403
0.125826818435,-0.229260147826
-0.431311134849,0.304648626386
0.202010113988,-0.509619956809
0.505384358234,0.34752675651
-0.260372771744,-0.121020150195
0.516907255411,0.29201051305
0.0405085497808,-0.488707609699
-0.387142001969,-0.426387426114
-0.480016974705,-0.29367610787
0.0146994293227,-0.0659376838865
-0.0517521310349,0.0966463110309
-0.351960736384,-0.0972048947942
0.304272625238,-0.505183964198
-0.111357144303,-0.299863066426
0.221329465019,-0.38759257542
-0.122731116254,-0.295581633165
0.0553895247896,-0.466835714605
0.560817722599,-0.241309132571
0.515902909564,0.133774030746
-0.369208338203,-0.0202520166004
0.375507701,0.289692692666
0.0337713185538,-0.197249726241
-0.0537779872749,0.223823502958
-0.115096925934,0.0987170330589
-0.263964929123,-0.530252665663
-0.163637779078,-0.0695324024711
-0.422011778276,0.0801023999269
-0.137136869876,0.244360804928
0.446939436388,0.13176791023
0.485706709924,-0.0252090911207
-0.118697461353,-0.444632921032
0.381254226018,-0.45948740901
0.0758660145174,0.538531354123
0.37332876844,0.351971753087
-0.112208784149,-0.227992015109
0.282709618504,-0.381563542931
0.310143387722,0.253803297421
-0.161047909937,-0.114109861354
-0.141603527986,0.193280067946
-0.583684900853,0.0318093422538
-0.222040950424,-0.24334215835
-0.498734196767,0.0260918061286
0.36013056206,0.375463033333
0.304066205504,-0.427056351313
0.00900017189093,0.129020153329
-0.359316436837,-0.398762605254
-0.0924363567877,0.0790579293964
0.0698268912759,0.46701916776
0.129463990962,0.524528406054
-0.14387994768,0.0713861618126
-0.15741770701,-0.554713164863
0.13470874228,-0.259401947405
-0.488885031873,0.109097057987
-0.503312119121,0.121364452302
0.311569804187,0.196329840703
-0.103399470153,0.221759868435
0.0175079012928,0.492819732646
-0.362433433427,-0.040008393192
-0.606124815676,-0.355250075523
0.639785801627,-0.135421494309
-0.0342222575546,-0.229211280771
0.372216458166,-0.28564141835
0.454045793455,-0.0284305397275
-0.285131532156,-0.42686827143
-0.0502257135895,-0.690089546674
0.00789727967235,0.327503162471
0.309627299479,0.432946717434
-0.0737938885302,-0.527170850741
0.0389557334607,0.411183138055
-0.521819957489,-0.115264266208
-0.747600919451,-0.0099627905496
0.0772753222192,0.130577185904
-0.382587429946,0.308442607914
0.236834676822,0.226153337989
-0.267340218681,-0.196446225892
0.415244165238,-0.462802320132
0.160202783307,0.27208368616
0.415701678107,-0.242549731666
-0.0366946863253,-0.281509831931
0.421371908332,0.0974201680321
-0.711544278707,-0.047884051875
0.434834541804,0.164172157309
-0.223898998426,0.105228399951
-0.13550416466,0.527877412872
0.170470542056,-0.594660651696
-0.355981314493,-0.463273418505
0.167269461107,-0.555272957598
-0.233065006239,-0.130364950608
-0.0989254035894,-0.371143358706
-0.0615589051687,-0.530024612838
0.0816452270289,0.43075817025
0.546685279003,-0.260901853295
-0.181245138867,0.562341412707
-0.276798099079,0.494593013592
-0.31111351111,0.320076227694
0.0948899316481,-0.172192492168
0.0819696878685,0.026559287065
0.612887536028,-0.0358074633545
0.244507298062,0.476379804274
-0.486876333052,-0.106412713674
-0.249252678653,-0.155555808942
-0.000914614167301,0.167495778171
0.576815523357,0.219353115416
-0.291017808306,-0.328709875221
-0.0217583074668,0.246199613917
0.445779985924,0.293358972803
-0.213798330757,-0.273867816911
0.393236875352,0.0825162704357
-0.304010074468,0.197550465217
-0.127903704676,-0.155353987732
0.370991941662,0.0230500535319
-0.019311658777,-0.159429620948
0.0452507384132,-0.370722891159
-0.253505809965,-0.434035979434
-0.126830502429,0.345427805524
0.294380697555,0.310708274883
-0.208563502701,-0.386175055551
-0.511298253203,-0.296370893705
-0.596859422154,0.116018199312
-0.604693063562,-0.100788382474
-0.379870903981,0.360881396185
-0.303520945377,-0.0964484863586
0.0517826787659,0.498130137356
-0.219278430155,-0.362984341041
-0.528794159604,-0.191875967849
0.607268904236,-0.0645032079041
0.414406553183,0.352376100734
-0.0800884660443,-0.451225917763
0.0285665072734,0.390125929325
-0.217342251741,0.0885582953827
-0.480512492427,0.13785013127
-0.408515176794,0.544275768602
-0.286318498989,0.344097323856
0.0862473775539,0.525057500081
0.168203368079,-0.458442684649
0.190460235721,-0.0771627297036
-0.267380090752,0.409723954417
-0.423789252043,0.270644353592
0.347587060065,0.365277350526
-0.136566608346,0.164677966015
0.419003340098,-0.428431484194
-0.0194359749523,-0.438748111997
-0.0159063398427,-0.330092931716
0.33076898058,-0.299046063617
-0.201518745079,-0.231868819886
-0.183117575632,0.423412476062
0.36514147516,-0.343999870246
0.0262861992515,-0.475250582568
-0.00558306286917,0.0400413253993
-0.503554551407,-0.243209283252
-0.0641033707213,0.474800306724
0.049422064763,0.339187124683
-0.329920960773,0.409180000957
-0.0252588819192,-0.40464771826
0.203190635687,-0.272310520415
-0.450883466603,-0.375082166075
0.525559898956,-0.287124324457
-0.0891280240322,0.323293075877
-0.0391930270166,-0.0676072007095
-0.0551274435234,-0.460545064994
0.407795412382,-0.422177912869
0.0738130512823,0.264686787588
-0.398251581684,-0.112137133684
-0.287375024315,-0.036549014441
-0.151347358458,0.245756959419
-0.192249416072,-0.098943622097
-0.102442234587,0.305234658906
0.166834284667,-0.247664226734
-0.696716398235,-0.320166495865
-0.218144606443,0.409411683305
-0.32404182431,-0.479668702679
0.173279489902,-0.312587719367
0.586070702477,-0.367881455315
0.275845889756,0.432339201682
0.121525609656,0.516523936421
-0.22224110987,0.37638924663
0.43160811033,0.0259713839436
0.157940602147,-0.216194768235
0.137823533649,0.352106845868
-0.362356973609,0.559474268192
0.347862150598,0.420241295519
-0.342824389817,0.35851155497
-0.406081004678,-0.289285967831
-0.0628167278789,-0.191197905989
-0.343305628063,-0.0588826567852
0.225876866878,-0.111843616484
0.368291124294,0.136504983651
-0.176007392647,-0.657468555927
0.0987682816321,-0.32179231559
0.436252547318,0.11435588316
0.434665596901,-0.0667037766749
0.334094449396,-0.146841037714
0.227145850652,-0.0326209608706
-0.145713153923,0.383894905178
-0.774217948313,0.0400388074938
0.507905064722,0.307848225822
-0.0583978889716,0.497575353287
0.0819314988297,-0.176853019331
0.29692774155,-0.39395165384
-0.229797940443,-0.496908602846
-0.19286386994,-0.586522859938
-0.00643562992974,0.609621468413
0.425943588409,0.268904271934
-0.485380262037,-0.198955368159
0.0702953128006,-0.350719063817
0.432889344681,0.323601110191
0.111661822879,0.0918834892685
0.0406214197193,0.527941256952
0.294814185393,0.497706018742
-0.256140048816,0.451916642593
0.155446053841,0.365913556402
0.253953758741,0.315175654217
-0.481315431135,-0.244486731124
0.258181700167,-0.468941871635
-0.696751087189,-0.0100331025033
-0.622441240992,0.0703770517498
-0.582926289773,-0.0982513515637
0.327963764486,0.505436467755
0.37064716147,-0.07639461443
0.334139955303,-0.312486930193
-0.307216236047,0.152132217969
-0.538618165737,0.0201929718002
-0.0693051477408,-0.282415923298
-0.180667358796,-0.536343328952
-0.314921673479,-0.435274200439
-0.0733235005357,0.422438028602
-0.385426293413,0.00847257080305
-0.106377704629,0.509691600662
-0.40868451784,-0.0257474291611
0.662530221073,0.0477226987155
0.186012779379,0.48949220186
0.247599800894,-0.517015703783
0.513657958813,-0.239207033672
0.102465038105,-0.247203727505
0.088942964833,0.393839350332
0.224737203844,0.0175934999694
0.472549992265,-0.217244689281
0.277773519622,-0.329476820428
0.172079588891,0.410991427018
0.310644999634,-0.451599039504
-0.534157452864,-0.0904888779233
-0.516358355421,0.324817597946
0.520904524831,-0.341844975556
-0.570552003155,-0.218669611365
0.155239139858,0.0925696416604
0.543602765511,0.179070999354
-0.245676711274,0.0345601479693
0.215164679111,0.141312823419
0.105492753137,-0.384075858906
0.0305892225431,-0.250285817961
-0.0485899866016,0.385228524765
-0.243915065719,-0.286757016466
0.0852948778671,-0.472670491401
0.158429019497,0.216924320375
-0.141319787432,0.33225095341
-0.197823747461,0.355114460772
0.548991948481,0.214755770946
0.37521276809,-0.425791419596
0.0192444353855,0.514186113416
-0.480348063,0.158180348721
0.315842642795,0.0491395856239
0.0680647950874,0.281320533565
-0.293111997701,0.00745113191242
0.293357408968,0.311793743276
0.251418619336,-0.55099647817
0.563525521023,0.278276696578
0.0821424484218,0.560375189135
-0.404667106019,0.468590231777
0.366732635397,0.437002254667
-0.177407575918,0.0678515423334
0.242560055181,0.447495085097
0.0109245823802,0.498478389508
0.0639636336187,-0.452147705667
-0.6578852725,0.124898600442
-0.0879222492701,-0.36137886515
-0.58481690547,0.149808270585
-0.473987010164,-0.210612424052
-0.252801372095,0.290765357409
-0.05905767139,0.440252675971
-0.497731789857,-0.0139156517512
-0.439039021269,-0.0196599708245
-0.157553115698,0.313453240922
-0.425788307118,-0.0514544512424
-0.143920654747,0.29757129712
-0.690089373388,0.0757260990974
-0.65948970305,-0.310228508307
-0.0273933735897,-0.20021483931
0.046472799124,-0.421236457322
0.154998633881,0.202196303344
0.219708340593,-0.224196600948
-0.0849085089804,-0.215038696417
0.206436465397,0.166731360207
0.302152182191,-0.484420830455
0.297652378665,0.352813433375
-0.266341837461,-0.0701175199971
-0.609206080986,0.0483912450222
0.485011960512,0.0565412644213
0.612575580245,0.118022304557
0.00429376662882,-0.414250974744
-0.368525063095,-0.121383809169
-0.0668988715842,-0.257422569624
-0.583332823989,0.126475491152
-0.23972230332,0.517508342821
0.361251260671,-0.193203295006
0.471778101758,0.346956657409
-0.153651307818,-0.366633993962
0.49885293256,-0.307299833266
0.478253788063,0.258172585572
0.58705790516,0.0400222122805
-0.486761252244,0.0947012844141
0.312744658492,-0.0325034091907
-0.307167850615,0.292124052523
-0.346810220268,-0.264343211424
-0.0763944568922,-0.549023143812
-0.101056902242,-0.596797486221
0.213579947581,0.475269796631
-0.434120741373,-0.0989793718254
-0.255752062851,-0.23724616887
-0.146581491601,-0.519332911156
-0.330360542134,0.337234976762
-0.6384112367,0.104928885236
-0.564735156513,0.132642180002
-0.0340003106851,0.2011387876
-0.472116749242,-0.0547475253952
0.540361341038,0.104208726768
-0.127984749732,-0.364368846042
0.167511564831,0.462381015955
0.163449921258,-0.594477793336
0.408573192574,-0.119383051331
-0.292643102066,0.493898998646
-0.562988305905,0.0483343827469
0.189864611534,-0.688145180015
-0.405111695442,0.0697081790005
-0.554916382996,0.189997529865
0.112015257561,0.0700077860341
0.388263417003,-0.289591959868
-0.259604634324,0.548434613681
0.276005849551,0.356284624934
-0.019650861328,-0.126313394589
-0.457851452685,0.491723056468
-0.497205218306,-0.291490842706
-0.00984569931914,-0.194085633881
0.443626045227,0.0788127108292
-0.0875014658169,-0.187855419151
-0.505118129733,-0.218859904088
0.0136169439382,-0.686047709334
-0.067387522111,-0.319078709865
0.250037124459,0.0258954277423
-0.259634536611,-0.172954709991
0.582386757778,-0.0725938347473
-0.644636434402,0.221496917613
-0.610073885998,-0.203687638887
0.157489246291,-0.330311908054
0.0259158773655,-0.595934038557
-0.551131886018,0.0373794463365
-0.645464880436,-0.0172186177342
-0.603012113397,-0.0474875643175
0.240569411167,0.459596620795
0.38342682335,0.32119587039
-0.151792555565,0.536325373797
-0.276333057506,-0.222731695773
-0.590567296726,0.0874655146828
-0.366285742706,-0.418381783472
0.588430751807,0.160516481111
-0.431102250097,0.14575737058
-0.312655393892,0.404215900072
0.311678006565,-0.391623735958
-0.034701805262,0.56551444588
-0.41446448369,0.248104355456
0.125600684645,0.466878150466
-0.366414890439,-0.147882719391
-0.33490351104,0.0254112755949
0.209772519353,0.272590618237
-0.432700597058,-0.153716255882
0.301481451477,-0.252428948108
0.401190820601,0.401361795465
0.145680873614,0.0399773303313
0.386782579459,-0.164766415759
0.546339936796,0.122526916684
0.247648945903,0.396113457961
0.14850439966,-0.511185475571
-0.0618081043072,0.407351267421
0.0156116880461,-0.214603483104
0.513941572529,0.224545970463
0.0138380901658,-0.274747123019
-0.179935890001,-0.380189229931
0.0950552273471,-0.442746171591
0.10080353682,-0.566026055241
-0.321287181293,-0.368454942099
-0.545183343591,-0.376666079575
-0.572607013436,-0.194635706452
-0.563962647192,-0.285707445112
0.562379982064,0.0360865501866
0.0816086455316,-0.380954890897
-0.340787919289,-0.463973856003
0.131440521868,0.397705305799
0.0658267338637,0.363264203059
-0.421511222878,0.479172020729
-0.445364809846,-0.355482762416
0.552434145406,0.264642445768
-0.342456727183,-0.168605789043
-0.0163740252407,0.497368583652
0.120720216648,-0.360769723844
-0.370623993072,0.459085211155
-0.274361415008,-0.143462393342
-0.24581731156,-0.0904769251397
0.151132020404,0.523626543569
0.539828069654,0.300649590176
0.121302465099,-0.487291302833
-0.0629874306334,-0.666645008425
0.0387799130446,-0.0767214006347
0.278412838874,-0.434285483644
0.435724611145,0.324850130277
0.407225866314,0.263633651859
-0.189911147719,0.474521245415
-0.621886798694,-0.356765831589
0.176110024609,-0.175530238216
-0.00162686627991,-0.60761757491
-0.533999003847,-0.154019558729
0.0737653311569,0.503134509153
0.6790376806,-0.310058964187
0.457932921452,-0.28957697613
-0.0442712693388,-0.364788679713
0.167386445242,-0.0192625996758
0.00165815674499,-0.545074005888
-0.512156988028,-0.407972298303
0.414922942618,0.378593734013
-0.401239430204,-0.131988841659
-0.143724284234,-0.568360229501
-0.355185263119,-0.338153297334
-0.247888131168,-0.306438468943
-0.298956782558,-0.603633996239
-0.0941345370406,0.0654777528072
0.27315104728,-0.341860229868
-0.460866404932,-0.284406355456
-0.54806682894,-0.374586270574
-0.44703660948,0.13209778793
-0.373435764057,-0.10628800198
-0.358418007906,0.407172899886
0.151572542779,0.296326695584
0.300742164493,0.361756172318
-0.138596028748,0.0793230315758
-0.36982337577,-0.444101684939
0.235338135542,0.360346349393
0.181375196129,-0.573648287242
-0.107869461705,0.358596399993
-0.188850871478,-0.396176986869
-0.367757005267,0.344373902097
0.17335777895,0.336138636818
0.182872711296,0.361036409649
-0.392837396453,0.00449062463276
-0.538681894692,-0.0411703796265
0.455670088422,0.367485691537
0.473985719578,-0.00243187287959
0.434614268479,-0.00837063662146
-0.441247958277,-0.447413733136
0.0357976214525,-0.363578673302
-0.347995995405,0.260803916456
0.408655272765,-0.502168415795
-0.257232319536,-0.349332626669
0.368006278848,0.409251093397
0.0309581485521,0.536279545534
-0.470882264719,-0.252393395233
-0.345466169988,0.270036588789
0.0736551530691,-0.579454022364
-0.29289975887,-0.488275340304
0.340742686121,0.0163577433364
-0.0502160064688,0.392117985777
-0.571073338683,0.173741634029
-0.0287866219151,-0.544638176874
-0.0212495315426,-0.0551000896267
0.514163727108,0.197614217366
0.0178424967152,0.568683703052
0.00236025709471,0.428462214588
0.550518776625,0.0247542185656
0.299989371611,-0.276760708908
-0.16810138255,0.553102104077
-0.483470801131,0.286719171912
-0.295845396754,0.359529347583
-0.552584221934,0.106460776354
0.284733979248,0.195746038851
0.376044383878,-0.478902976751
0.319996812571,-0.342814909905
-0.124713058705,0.539029786901
-0.450967445462,-0.461029572088
-0.520655023613,-0.14795859761
0.58210874769,-0.00698198614189
0.478179605169,-0.231555890698
0.409605047357,0.190241611462
0.417983142963,-0.0162820778509
0.134369794102,0.377890699147
-0.0605002396863,0.438622676217
-0.352285683735,0.572414389705
-0.144811862142,-0.46476786279
-0.0243692864136,0.432219191023
0.210862605577,0.349327272174
-0.14516535088,0.584719320371
-0.282734087646,0.492587735124
-0.225703258691,-0.485173535095
-0.23492227882,0.00141562422756
-0.407681449851,-0.182064945633
-0.420023700468,-0.255665010087
-0.436406396733,-0.178347980121
-0.727541478003,-0.0294324941921
0.346704117874,-0.481053607312
-0.355064344336,-0.454349314447
-0.0460138238282,0.519005801156
0.0435906077602,0.266931316268
0.0876323801847,-0.546639417856
-0.275240598066,-0.460874047109
0.438970223281,0.440196651312
0.394988601733,-0.0271086085998
-0.255923758105,-0.355577555871
-0.0868333850443,-0.152081492576
0.578394024756,-0.314570728337
-0.415348112077,0.583923120931
-0.102957822243,0.457885682571
0.106328710911,-0.274542004572
-0.0747649073375,0.41514657633
-0.0173958598316,0.36827407427
-0.137874834929,0.39347435882
-0.500243947961,-0.151048956466
-0.30048630058,0.458108070365
-0.264924603336,0.156300373093
0.342254794767,0.204041912123
0.545547351521,0.140181516519
0.0166531940103,-0.286341339642
0.0877640292269,-0.575188987199
0.208464336732,-0.356994968341
-0.0998660595058,0.476527606869
-0.652191121285,-0.26208746078
0.605360491123,0.017615712757
0.563060437365,0.0334304570861
0.470136656278,-0.243627258479
0.208638913264,0.576059805099
-0.308117948884,0.429373552733
-0.40454754762,0.565575112178
-0.221874532206,-0.391268433212
0.17288712921,0.155829703202
-0.168550626915,-0.552447293092
-0.534451778653,-0.0690481191603
-0.0950293542621,-0.524097475522
0.533023402476,-0.0171368672269
0.440980345455,0.0109634231942
0.185291394272,0.414422208629
-0.231057609583,0.480074771099
-0.56885255201,-0.0302765683694
0.188473844924,-0.370007521495
-0.153390305973,-0.0349962619782
0.19324263521,-0.263200169211
0.222999624292,0.520677963539
-0.519228649104,0.0401919132403
0.121294449741,-0.00104347433389
-0.476996210626,-0.440581962818
-0.462409817968,-0.566796905368
-0.466172404147,-0.0956159075364
0.477793355378,0.235883736199
-0.501638876107,-0.00618318379614
-0.48021962062,0.113690943889
-0.0275745311385,-0.252414425727
0.0817532118424,0.203662461268
0.181698301658,-0.418900577253
-0.213953366303,-0.522083189708
0.529954387183,0.121284418885
-0.232529724265,-0.195142964963
-0.103751993052,0.28054670238
-0.403273507641,0.114299693227
0.475207853952,-0.343909406745
-0.306013781419,-0.436677356283
-0.63360334807,-0.176728946888
-0.310975698944,-0.406150065283
-0.11110807382,-0.485129502712
0.384109095006,-0.398060437003
-0.0540363091886,-0.48383480394
-0.262150123407,0.125264215039
-0.681207435408,-0.302249663268
-0.397680430259,-0.0920199711945
-0.230462113165,-0.325018849059
-0.53010755236,-0.000372705078211
-0.454983358491,-0.130874865616
0.146283223756,0.534819325663
0.281776709794,0.38679547084
0.206794054016,-0.421897020303
0.241977325146,-0.549004655542
0.351090950352,-0.262811991908
-0.204224253324,0.595551664802
0.184633209304,-0.018394841599
0.107148275683,-0.234352557708
-0.413042220316,0.0963474542662
-0.230765757796,0.041120362095
-0.628127856023,-0.20438232252
-0.0813046472761,-0.479732392158
-0.0236912700853,0.530467813446
0.0521067299116,-0.404266853067
0.229715970919,0.471464953271
0.326089822617,-0.5242252917
0.534120557074,-0.103934039762
-0.0551950826451,-0.581663105625
0.0347369679949,0.532068209514
-0.251413492885,0.368345810324
0.32020057718,0.432028103077
0.230508265881,-0.342892388469
-0.412127657176,0.402438616711
-0.368839229199,0.284440418638
0.592755575265,0.0792622822051
0.0571504460739,-0.569010051767
0.0754639508743,0.218784147541
-0.314949452985,-0.15117997155
-0.136092331717,-0.602658702309
0.336944648662,-0.513414790736
-0.554419085827,0.312958861916
-0.360317231717,-0.0261841957742
-0.489768176273,-0.442393884244
-0.102148429739,-0.553530572768
-0.491357371908,-0.228459396397
0.369302298591,-0.44784063187
-0.616391922413,0.268728035101
0.35936800878,0.161560977916
0.236389903842,-0.554206734307
-0.553545588019,-0.213369937881
0.408602603383,-0.57245424598
0.340476634179,0.363927043915
0.266559375322,-0.385584929425
0.614026950642,-0.0282355790329
0.509339064437,0.303847467738
0.640083382252,-0.10000203759
0.581585091489,-0.091912612
-0.243172948957,-0.337263134413
-0.0160568002909,0.166437100281
0.402568634004,0.250113201475
0.587764283935,-0.274122254165
0.338133310091,-0.332084307183
-0.00775550708161,-0.175524193658
0.519146262652,0.158060910069
-0.516668247378,-0.163562047424
0.331713643721,-0.462263787618
0.271908784646,-0.276889388571
0.134908451935,0.44570068095
0.468663637217,0.210086454009
0.321929165868,-0.0937128990819
0.12213360215,-0.572122376991
-0.382978815868,0.11062560595
-0.134792728409,-0.355595518592
0.2198807165,0.501177483847
0.445107615186,0.154604368229
-0.1709051691,-0.481288504042
-0.298292590032,0.447843826306
-0.270975151998,0.216173586447
-0.0683622765007,0.527697523112
0.416498531008,0.051863025376
-0.436530572594,0.265451798266
0.15498398363,-0.243977341988
-0.473451751499,0.283669671699
-0.217932013446,0.453699162053
-0.135132023611,0.286745977981
0.541764656815,-0.343197537335
-0.130755972974,0.723004696377
0.535235218767,0.00526834156767
0.343635048779,-0.164245915988
0.0230105619133,0.585895053983
0.515373482422,0.202688758794
0.163680235615,0.548461077957
-0.446292787911,-0.0440984518172
0.236956973146,0.316908356165
-0.121050328297,0.127787565702
-0.501349854788,-0.327209901031
-0.450712994767,0.405406122603
0.352126235966,0.449942520141
0.461458710935,-0.198546516704
-0.365343701014,0.486588438279
-0.433625966432,-0.294665538321
-0.399847070227,-0.129316335708
0.0789358180033,-0.551971829547
-0.246431533613,0.585745341493
0.335825041493,-0.548693840052
0.168099758528,0.4633183164
0.0871476124767,-0.451034154422
-0.239020603668,-0.564737367237
0.577617951611,-0.22620976783
0.347688793368,0.127150641032
-0.517920297676,0.0614676228436
-0.49497783526,0.106678128819
0.0978630494656,0.484073593169
-0.733364828113,0.0418262427463
-0.0940052580338,-0.444548830381
0.199430576839,-0.583213321023
-0.232416539537,-0.60334252307
-0.523644213572,-0.37959528081
-0.202404592528,-0.539940393528
0.346258757937,0.223845637721
-0.219459540432,-0.46274087566
-0.65648025468,0.0518115313645
0.203806340347,0.57740322835
0.51355509233,0.225560979743
0.0310019757037,0.502316452689
-0.576305628339,-0.157317191687
0.476062424122,-0.459703959663
-0.528182742059,-0.0641365973774
-0.235323050488,-0.521694969244
0.114167785501,-0.639942863395
-0.413051500325,0.298880438414
-0.523913558873,-0.10404737823
-0.637591721269,-0.253685425076
-0.0500818233488,-0.414071907443
0.445916463876,0.017063043801
0.245960729298,-0.591453408307
0.475053515564,0.383021047448
-0.333227304638,-0.069282922888
0.597837845811,0.23835005086
-0.0938279645559,-0.59853269433
-0.290793877846,-0.0956568432058
0.453173972982,0.388775181635
0.195349823859,-0.101810536595
0.0518262597478,-0.352228542738
0.0759443179023,-0.453881510059
-0.639970145565,-0.0299310469683
-0.189833025918,-0.512961996037
0.424870516442,0.356335023911
0.567965836106,-0.135716516536
-0.225884462046,0.373276226394
0.0622877937786,0.41407617339
0.299923025489,-0.298867956321
-0.333350342706,-0.168422102147
-0.496270673205,0.256021694423
0.570646853373,-0.195145449223
0.116381858447,-0.444759301894
0.296004424597,-0.428009445217
-0.583623336432,-0.265310247762
0.18960621433,-0.305801024401
-0.609261920222,0.214811912725
-0.582709577772,-0.207757688144
-0.519218061355,-0.270500997889
-0.520743756852,0.25719593184
0.706907790984,-0.023492333771
-0.598248050622,0.234528718189
-0.0122211516908,-0.0650739212846
0.413443871862,0.419199290029
-0.0950652032153,-0.42483254909
-0.64271848529,-0.128735769876
-0.545194971668,0.338750252112
-0.386415135807,-0.572924545674
0.0716871151177,0.424771844485
-0.332082684167,-0.509022903443
0.537587000211,0.0380235237599
-0.497810176634,0.138751392372
0.240360648505,0.198856882312
-0.209236737765,-0.140412810722
0.0391704681401,0.637348230658
-0.593057301715,-0.02483783806
0.0888009448365,0.531654811313
0.120148445025,-0.622959852001
-0.155584251955,-0.595201716817
0.00631171472193,-0.508781453361
-0.334511252429,0.334648163643
0.453063440295,-0.215141322071
-0.473416188668,-0.499883042549
-0.164930501323,-0.511789915929
0.140317191125,0.636116810225
-0.476352853225,0.407840838634
-0.0523751318466,-0.472482034307
0.32662491158,-0.560631819061
-0.266580999775,0.167683883105
0.127310138856,-0.317111908042
0.107346927629,-0.582878895699
-0.560557389635,-0.279991209474
0.36302705168,0.441382335814
-0.504991709889,0.224275254563
-0.461245698269,0.436868659709
0.123315502916,0.529932167813
0.243734070419,-0.530754627727
0.38632638838,0.524863329011
-0.604860522744,-0.0590023972949
-0.300273932957,0.437982245953
-0.373052541342,0.412056188062
-0.440044389209,0.364147584318
-0.378671713437,-0.0700797441296
-0.322816090432,0.561432993769
-0.218886739557,-0.323540580901
0.425447242195,0.406229594853
0.453232727809,0.2602844071
-0.408945651799,-0.269085996132
-0.171494579499,-0.243941077017
-0.0315574431038,0.494149015271
0.56181396041,0.410845798824
-0.0142102768849,-0.564059341791
-0.0294943266618,0.620462331979
-0.222442244599,0.538729391571
0.152731016839,0.588922670532
-0.136633224663,-0.553884782544
0.267335878648,0.438568844155
-0.446382328612,-0.133393629324
-0.269625731894,0.598009098251
0.104945903493,0.590608265156
0.148579126735,-0.603021888692
-0.355524292085,0.26043048804
-0.439906238751,0.472661772918
-0.301925161912,0.286342751669
0.25036452868,0.271212190985
0.227649764898,-0.587911962388
0.201196806109,-0.46054206314
-0.350145255419,-0.426181376663
0.290791231986,-0.520835396468
-0.648299915596,-0.193618033491
-0.435335322965,0.445485099568
0.603967074768,-0.406191849467
0.577221195661,-0.0644923511128
-0.597956077941,-0.123508187542
0.455776788498,-0.270563925177
-0.206723097363,0.581630446931
-0.417606156576,0.20317448905
-0.0808418097701,-0.420331414007
0.195713571429,0.188895598457
-0.253514138478,-0.178955431475
-0.390551751151,-0.328227577519
0.267625102019,-0.428282027112
0.296052821294,-0.563556519394
0.212972323228,0.462147876482
-0.448652942195,-0.00489009942468
-0.355849714182,-0.0191043536169
0.0772798065455,0.553151875549
-0.151631802857,0.496357909621
0.22940613211,-0.455275646688
-0.412437927874,-0.351838819181
-0.556604500692,0.167325093876
0.236244038396,0.584815701819
0.00762179784266,-0.575238985542
-0.0780174492333,-0.121508640542
0.615540404391,0.182359496521
0.195450958677,-0.616946684368
0.553463922704,0.360925202949
-0.405773802341,0.612185421668
0.512998525022,-0.293580356436
-0.4551114562,0.485916666585
0.267772866715,0.227957722129
0.307381294673,0.490436909771
0.279154348796,0.522071415892
-0.620053590806,0.147998430662
0.0123330819891,0.61136702628
0.664368748,0.0771948140105
-0.271297342905,-0.221893184365
0.24054754339,-0.182837308102
-0.2380349286,-0.556209473979
-0.566514530673,0.0871603959105
-0.301869240208,0.408040847651
-0.34102140083,0.41207385028
-0.294717113128,-0.314141095161
0.52290486206,0.182674932803
0.621223739622,-0.26714183819
0.662786902322,0.200749161812
0.494943459723,-0.348842920088
0.52632996788,-0.064101268494
0.438605124917,-0.422364731961
0.608701391094,0.215185208429
-0.0578507673191,-0.544758313991
-0.599124391088,0.31150235468
0.496561142461,-0.277278659424
0.630076411714,0.167585961085
0.276212905179,0.505210739381
0.461675643198,0.409956161769
-0.375564769998,0.423542667328
0.334500672482,0.540679317678
0.0994342396562,0.563425824872
-0.499369462608,0.379273220696
-0.498588599341,-0.00246848535329
0.494441389826,-0.426442194134
-0.373725909118,-0.300279734684
0.355211536458,-0.475015054511
0.209874742263,-0.523473218982
-0.319510981893,0.359527251951
0.58971436639,-0.0509026447336
0.21632270624,0.383526594944
-0.513310578091,0.16162759266
-0.259400187691,0.400054794147
0.224717273896,0.556607103026
-0.641569552881,0.0172950572042
-0.269081707751,0.513166538736
0.0157058397318,-0.436299411589
0.461140167176,0.0524793644267
-0.400025236642,-0.481282505784
-0.163001738647,-0.191937378764
-0.0273596507513,0.60626760301
0.156406863195,-0.523393867532
-0.72416101152,0.128714572431
0.634217276784,0.251718549793
-0.496884976261,0.506199064884
0.395474734895,0.290315490558
0.114840542856,-0.520015953908
0.0655401114931,0.118427319419
-0.365250238038,-0.543657527219
-0.219382747678,-0.106135681591
-0.399451216713,-0.543651141401
-0.5552638435,-0.263069038487
0.489586544591,0.0639264611922
-0.151940263617,-0.448384358608
-0.425735091594,0.349884983409
0.366222140358,0.531476769303
-0.352417862707,-0.0416948595683
-0.247063982573,0.320831620812
-0.234084955053,0.55614195656
0.423837409764,-0.227286608757
0.500672833728,0.348576889774
0.0420123044621,-0.487043549951
0.333087525082,0.534587347445
0.262494534684,-0.529259481589
0.402022160236,-0.261365718191
0.292163281303,-0.104696329841
-0.34193595253,0.444119166855
0.0144745125698,-0.546254621036
0.191216765576,-0.462631130551
0.313272195361,-0.520546031576
-0.121417075179,0.405204375178
0.143806130486,-0.584030437938
-0.435306424584,-0.413146384723
-0.689587106952,0.100196078843
-0.434396463379,0.484751232165
0.549413703594,-0.133525180082
0.321125352294,-0.351619519411
0.509987508169,0.300416136536
-0.490483502097,0.134640264382
-0.189927512134,0.62541142166
-0.255501975829,0.532766764961
-0.433822889096,0.162583505422
-0.0845287740146,0.295092761136
-0.0884663235581,0.119159264168
-0.560954043173,0.35280792209
0.335850547444,-0.196672714286
-0.390268624703,-0.514653328923
-0.25381525578,-0.473319621263
-0.331472704957,-0.270907781586
-0.534843209478,0.040581281235
0.0812606788467,0.614270012743
0.605298659278,-0.19419076909
-0.565028936241,-0.337916417923
0.337571788444,0.313259922188
0.453898828974,0.432140283161
0.369311345784,0.56087441855
0.0537388892398,-0.555874633737
0.58246166543,0.116138323251
0.524139038432,-0.190801202824
0.520819845366,0.239192962429
-0.384103767938,0.229001970265
0.247608209816,0.632799280297
-0.668452295185,-0.00427127854532
0.116264516672,-0.432131304704
-0.296593437751,0.56027080131
-0.114807172163,-0.602795196411
-0.37310029648,-0.597799052624
0.661011391791,0.02472328545
0.520870086118,-0.361725023083
0.208339420404,-0.541463412364
-0.359157488888,0.206593414418
0.19160201801,0.613706799059
-0.310542707019,0.212299216489
0.163361806992,-0.421024901954
-0.186555974262,-0.22274742207
0.492804423513,-0.324361711346
0.48615062041,-0.0293749349429
-0.693444256151,-0.0312291247209
-0.511865897061,0.401251894135
0.688088050087,0.104134408725
0.435932288535,-0.339296630296
-0.504085428217,0.290101165898
0.46274047838,-0.419175273849
0.191384462882,-0.361587395363
-0.416996243559,0.320437317652
-0.130630698226,-0.716245960458
-0.161103107811,0.692966629849
-0.378431064404,-0.653702604895
-0.55080910727,0.213346064991
-0.151391304229,-0.634746970261
-0.487440141762,0.0647296656547
-0.583924898082,0.445050292651
-0.430252258929,0.485914926939
0.619046400464,0.100672544056
0.516741370992,0.390451330379
0.0831357785549,-0.600282467607
0.429388899246,-0.508308701071
0.248135442216,0.513878301372
0.628850526526,0.321002238028
0.14052463274,0.613641124442
0.407727723468,0.108939106982
-0.355070730463,-0.307593658699
-0.128743596838,-0.383377008112
0.6912373944,0.144843486047
0.706594478866,0.108940030031
0.115871888395,0.572459505625
-0.330118293606,-0.20546694046
0.543041069069,0.25201610113
0.29084243227,0.427574290411
0.394103742586,0.558250843958
0.0203691327436,0.53802009206
-0.560586596287,-0.243659093996
-0.247890483749,0.347974476211
-0.0933648030946,-0.517787290226
0.104425027155,0.391589800796
-0.618659716384,0.110493683352
-0.210413318033,0.559275560855
-0.0141665765682,0.529150198049
0.545303394182,0.121060947235
-0.449756412743,-0.2402301628
-0.208788592228,0.53179783869
-0.468179464262,-0.554035070183
0.215639111946,-0.0712253177253
0.49886951685,-0.338025565359
0.388839448372,-0.432426206181
-0.151615131136,0.496546239231
0.61128708423,-0.401504286855
0.533441854567,-0.315034828585
0.341198093252,0.511417344548
0.58994740182,0.0564598009403
-0.120989573818,0.564472556668
-0.214015680456,0.631407981662
-0.577852048696,-0.0557049753253
-0.26962664283,0.265734280946
0.0645762982888,0.722252710679
0.0480073316691,-0.670861322373
0.3333585138,0.479027117575
0.546199440538,0.147245657018
0.468611088183,-0.415109080242
0.636687529504,0.134072496685
0.182338177209,0.578218119523
0.177893825838,-0.45943524801
-0.131513872958,-0.662770559168
0.321997085233,0.360841913007
-0.480544452619,-0.336327853464
-0.278937756265,0.632261720918
0.197415340754,0.486632832109
-0.113461496826,0.641956640092
0.109927416694,0.550264774237
0.62601070618,-0.0256833656608
0.473133485727,-0.305928968202
-0.476100535407,0.350778184196
-0.508632999313,-0.327445432487
-0.0510841642917,-0.585790836604
-0.595604499916,0.18837977047
0.211193752809,0.643305492367
0.27042704127,0.358267746305
0.576517838326,0.268634214539
0.57832749193,0.197620511051
-0.536551224223,-0.02908415881
-0.508795731729,0.453736495393
0.648146279961,-0.257559134105
-0.508602989863,-0.443599649217
0.325815217578,-0.403036170088
0.41288056972,0.371315304768
0.00186733246494,0.449364879426
0.128716417846,-0.384644652978
-0.43907567954,0.235521360269
0.130722919957,-0.614091523797
0.341765136425,0.64483934382
0.44228383631,0.541385870252
0.0459252136399,0.65554979497
0.475033001135,-0.354011979016
0.545056631571,0.267831558718
-0.45431994585,-0.225590231902
-0.217527222107,0.544269099599
-0.642735150745,-0.118547054241
-0.631808397115,0.38650952507
0.489376858673,-0.221097185564
-0.109248509887,0.669072277863
0.0163742322077,-0.672167614117
0.316603880906,-0.182389213173
-0.119833539704,0.676331117059
0.0276896809229,-0.624211805794
-0.126874967997,-0.308314221691
-0.610582311045,0.212756205898
0.0994608090191,-0.717119316929
-0.208656795674,-0.164662637951
-0.494493749223,0.340447346008
0.580917165879,-0.176245784297
-0.407752345286,-0.367895389926
-0.493471596915,-0.21381749796
0.00535645306194,0.609309940013
0.427008608614,0.48342774978
0.571494555107,0.303697319796
-0.100518048707,0.588588693359
-0.566596725017,0.394994891285
0.421640578539,-0.219053867495
-0.325031770549,0.593539580539
0.08622199801,0.357216058199
-0.0980799611647,0.774606704637
-0.312595595326,0.157257880306
-0.46689231529,-0.40968415583
-0.475189311515,0.191274636471
0.727230455691,-0.136329771368
0.689907011196,-0.0158980000943
0.627406469724,-0.0786467916036
0.604529819581,-0.195773798215
-0.335788339927,0.0592268789906
0.594659412026,0.0917852701667
0.37654201488,0.50754623692
0.295887883394,-0.448958191903
-0.231479535637,0.0073621728229
-0.412329680086,-0.233872342815
-0.497848237379,0.268734815935
-0.644847370985,-0.283793110101
-0.565948452359,0.0180341110963
-0.0865288315785,0.522203153173
-0.583691732877,0.359685240508
-0.350570908533,-0.565154294597
-0.402664084523,0.595600959504
-0.317355306378,-0.401683415316
0.542017125885,-0.407816303221
-0.575771032354,0.403706720009
0.545956981229,-0.304893279788
0.548594374056,-0.208298407488
0.358717188987,0.595873044853
0.556931379742,-0.478650310561
0.523788407187,0.108928955877
0.599549359208,0.0134315977502
0.396555977208,0.397820640214
-0.374423708165,-0.400818180826
-0.422501829025,0.159699593928
0.365571690468,0.353655250811
-0.691520191968,-0.210595136579
-0.174926493978,0.620847034833
-0.175814205598,0.647842005848
-0.319509471581,0.517226919398
0.705666519155,0.153340423926
-0.248300721835,0.531056327494
-0.298653210117,0.262926284019
-0.619405546118,-0.327283563634
-0.587457283313,0.345857357219
0.488473847603,-0.450459421389
-0.151333642744,0.618141100241
0.401711400502,-0.557881062872
0.482399755266,0.138890640121
-0.188688388974,0.559394534631
0.437639696931,-0.48661297926
0.643534142528,-0.00513819030177
-0.239394768747,0.0687159828128
0.501788818713,0.269445208247
-0.418733006361,0.434644465604
-0.282981139887,-0.63066089641
0.563780138287,-0.241358895159
-0.352984931888,-0.446943198313
0.544858594414,-0.433331616199
-0.511038945818,0.0341398359799
-0.0502948705707,0.655631779407
0.617083273907,-0.352245765605
0.448869448592,-0.417971762201
0.279906588202,-0.489322197845
-0.209501807379,-0.464060187429
0.242857882116,0.465255541903
-0.0857831461816,0.607578966053
0.22478522043,-0.525722064582
-0.631544953993,0.0621734595916
0.696120830959,-0.183708925388
0.615644775142,-0.370256166489
0.503680165814,0.49408261737
-0.438225458571,0.398444070158
-0.521814376773,0.180005051903
0.520840288977,0.314727056582
0.273805340671,0.623542247276
0.267096468288,0.582676164601
0.188271754904,-0.583342207297
-0.0729981041782,0.0612918444937
-0.0632751186916,0.663270784418
0.732654854941,0.00262821025969
0.0514553306949,-0.66174984799
0.627599250781,0.200403847953
0.193332957697,-0.597257092625
-0.426041295417,0.108185620241
0.207158715765,0.563998619035
-0.264659162647,-0.431670259986
-0.433796272178,-0.424804568972
0.412749469534,0.477346892192
0.570407465525,-0.308998448746
-0.100884896339,0.522624128971
0.184645041591,-0.527856057819
0.0568804166025,0.671476808971
0.287933403717,0.570898949498
0.638604233361,-0.198118390857
0.430662304782,0.548046350907
0.0549303915278,0.658800936765
-0.695009189881,0.220237789478
0.541672287664,-0.493497222742
-0.115211968184,-0.0301861157844
0.429605655435,-0.201967449802
0.121169887646,-0.582430682412
-0.490289218547,-0.48070838669
0.473718253505,-0.587480620297
0.456974216832,-0.24531341067
-0.61508134174,-0.16593029641
-0.313522216074,0.372307793871
0.137357012011,-0.547686516566
-0.424129686627,0.271887800072
-0.408254353367,0.127552441394
0.196998504203,0.581819082788
-0.413923968229,-0.406100978216
0.0654788004052,0.675783251344
-0.698602930329,0.225118969615
0.306828885831,-0.447676489253
0.254910607992,0.581528919464
0.400202830323,-0.098343977469
-0.253287730476,-0.486359187003
0.585923252793,0.0452295896509
-0.582969797583,0.100687691775
-0.619491039885,-0.124014483938
-0.293914673299,-0.536350845378
0.369706936521,0.0121859319684
-0.0246429068778,0.52332454325
0.316149693713,0.619413931437
0.571352163894,-0.300626834065
-0.0129516104542,-0.562718062004
-0.566267153433,0.12719146083
-0.133935392974,0.626930727606
0.3110273086,-0.577652084993
0.728584180502,-0.158381713534
-0.590089561956,0.252653976767
0.251070277975,-0.587278691818
-0.259864304036,-0.517003609928
0.457219402872,-0.501725205904
-0.597055986172,0.213337757671
-0.294794080097,0.61406082849
0.403438080579,-0.391951820644
0.150031999847,0.6537971565
-0.0433410424835,-0.703398989413
-0.483657135262,-0.355895866383
-0.0833589431988,-0.0462826632434
0.162936202721,-0.511311914751
0.0297815936177,-0.614148107671
0.603271919335,0.353817547096
0.511948455264,-0.190457266645
0.506396863596,0.473452292416
0.452764919589,-0.380273297472
-0.630954965921,-0.155204150457
-0.644773824189,0.0794012974678
0.432851120409,-0.561914108706
0.545337893797,-0.049172555535
-0.466766690912,-0.038813499142
0.31816689049,0.515501074912
-0.187766123493,0.590571255732
-0.642505039431,-0.248175245344
-0.310584190344,0.431407784117
0.242558782581,-0.638910924494
-0.188341348782,-0.497009274923
-0.521541087789,0.115715993324
-0.00213484078447,-0.461538711389
-0.338721821453,-0.319706648783
-0.474188087095,0.388134316554
-0.436352409786,-0.402725449362
-0.676204222874,0.125096617664
-0.0834817541374,0.660695535328
-0.130957070398,-0.643135797358
-0.583466405919,-0.19919129344
0.469592938587,0.515600405824
0.736759968874,0.017774936863
0.547940550487,-0.299448731019
-0.193471003228,-0.597774265453
-0.684403312009,-0.0491089113523
-0.159668084145,-0.589478466053
0.697327742123,-0.0369663543251
-0.107954952128,0.44739573177
0.473593890584,0.343941398582
0.166650186218,0.673864850071
0.538495653867,0.363464430652
0.36240627979,-0.524863792691
0.101137099681,0.671954916019
-0.624846306596,0.0841358955741
-0.0521537254705,0.622681577041
-0.488992405285,0.361113269257
-0.386462326162,-0.551939893816
-0.244879769559,-0.553310654961
-0.48450897483,-0.210769933979
-0.363688326841,0.595687975025
-0.535912058383,0.483568097205
-0.531645023456,0.448063803286
0.698526719591,-0.0822294071365
0.560726673233,0.364209969221
-0.498375743641,-0.304658558965
0.320764212374,0.190748429461
-0.541824654086,0.331079151123
-0.62827288744,0.362675127535
0.481560313733,-0.262435003143
0.586914804049,-0.363663907159
-0.537581118062,-0.0394476682173
-0.199360972057,0.552973171146
-0.0181836826145,0.625021301364
0.458918422533,0.413490831497
0.641869476465,-0.139562185552
-0.568842160992,-0.463277519433
0.540762116174,0.1952899234
-0.375394077663,-0.680737703558
-0.404971081802,0.556633161246
